0 0 5911056      # [n = 1849.]  Source unknown.  Points form part of a terrain.
0 300000 9625289
0 600000 6835602
0 900000 7842254
0 1200000 8039114
0 1500000 7671083
0 1800000 6390069
0 2100000 5107783
0 2400000 4548763
0 2700000 4280361
0 3000000 3825129
0 3300000 3957511
0 3600000 3912075
0 3900000 3746091
0 4200000 3728710
0 4500000 3689036
0 4800000 4157143
0 5100000 4411019
0 5400000 4909691
0 5700000 5110085
0 6000000 4587867
0 6300000 4266472
0 6600000 4056777
0 6900000 4101240
0 7200000 3701812
0 7500000 3263728
0 7800000 3116253
0 8100000 3044414
0 8400000 2895521
0 8700000 2482068
0 9000000 2667116
0 9300000 2471422
0 9600000 2431632
0 9900000 2031174
0 10200000 2292140
0 10500000 2710532
0 10800000 3820209
0 11100000 4241579
0 11400000 4287354
0 11700000 3809891
0 12000000 3203257
0 12300000 3521610
0 12600000 2788790
300000 0 8046374
300000 300000 7394131
300000 600000 6184805
300000 900000 7309806
300000 1200000 7252033
300000 1500000 6453282
300000 1800000 5196579
300000 2100000 4369864
300000 2400000 4269059
300000 2700000 3766653
300000 3000000 3840839
300000 3300000 3740114
300000 3600000 3562286
300000 3900000 3385272
300000 4200000 3367217
300000 4500000 3652191
300000 4800000 4100385
300000 5100000 4587420
300000 5400000 4889668
300000 5700000 4521215
300000 6000000 3994568
300000 6300000 4050261
300000 6600000 3966693
300000 6900000 3486626
300000 7200000 3069628
300000 7500000 2785745
300000 7800000 2975358
300000 8100000 2656934
300000 8400000 2365755
300000 8700000 2301411
300000 9000000 2302491
300000 9300000 2194127
300000 9600000 1867691
300000 9900000 2111605
300000 10200000 2592448
300000 10500000 3276491
300000 10800000 3845073
300000 11100000 3981945
300000 11400000 3834598
300000 11700000 3157327
300000 12000000 2896995
300000 12300000 1518545
300000 12600000 4581973
600000 0 8167275
600000 300000 6645466
600000 600000 7342414
600000 900000 6544235
600000 1200000 6480301
600000 1500000 5308217
600000 1800000 4286817
600000 2100000 3851557
600000 2400000 3588876
600000 2700000 3484083
600000 3000000 3482316
600000 3300000 3359133
600000 3600000 3210680
600000 3900000 3006204
600000 4200000 3130157
600000 4500000 3593399
600000 4800000 4107266
600000 5100000 4435141
600000 5400000 4132479
600000 5700000 3719757
600000 6000000 3569199
600000 6300000 3605882
600000 6600000 3288867
600000 6900000 2643605
600000 7200000 2510715
600000 7500000 2414718
600000 7800000 2459198
600000 8100000 2138059
600000 8400000 1922398
600000 8700000 1991067
600000 9000000 1897238
600000 9300000 1870298
600000 9600000 1865189
600000 9900000 2381917
600000 10200000 3116585
600000 10500000 3461590
600000 10800000 3539636
600000 11100000 3620643
600000 11400000 3135783
600000 11700000 2976954
600000 12000000 1997730
600000 12300000 3447669
600000 12600000 7415860
900000 0 7755050
900000 300000 7092094
900000 600000 6486946
900000 900000 6417195
900000 1200000 5074464
900000 1500000 4327657
900000 1800000 3498906
900000 2100000 3523246
900000 2400000 3226234
900000 2700000 3296657
900000 3000000 2899296
900000 3300000 2758272
900000 3600000 2607930
900000 3900000 2745491
900000 4200000 2940550
900000 4500000 3508079
900000 4800000 3689518
900000 5100000 3492142
900000 5400000 3088728
900000 5700000 3026569
900000 6000000 2849513
900000 6300000 2740922
900000 6600000 2192614
900000 6900000 1948862
900000 7200000 1841900
900000 7500000 1977013
900000 7800000 1747221
900000 8100000 1651378
900000 8400000 1676476
900000 8700000 1663414
900000 9000000 1542797
900000 9300000 1886308
900000 9600000 2097285
900000 9900000 2642625
900000 10200000 3107595
900000 10500000 3217822
900000 10800000 3055250
900000 11100000 2753734
900000 11400000 2664393
900000 11700000 3820601
900000 12000000 4054872
900000 12300000 6215108
900000 12600000 7410354
1200000 0 7437781
1200000 300000 5772195
1200000 600000 6283585
1200000 900000 4379965
1200000 1200000 4178795
1200000 1500000 3659769
1200000 1800000 3177863
1200000 2100000 3091754
1200000 2400000 2701991
1200000 2700000 2520415
1200000 3000000 2285159
1200000 3300000 2095257
1200000 3600000 2109788
1200000 3900000 2224615
1200000 4200000 2774743
1200000 4500000 2855557
1200000 4800000 2765127
1200000 5100000 2356926
1200000 5400000 2145138
1200000 5700000 2065624
1200000 6000000 1941837
1200000 6300000 1649500
1200000 6600000 1390281
1200000 6900000 1331121
1200000 7200000 1405720
1200000 7500000 1323909
1200000 7800000 1347117
1200000 8100000 1326629
1200000 8400000 1480984
1200000 8700000 1397092
1200000 9000000 1764013
1200000 9300000 1851324
1200000 9600000 2066390
1200000 9900000 2444908
1200000 10200000 2627218
1200000 10500000 2740107
1200000 10800000 2484429
1200000 11100000 2306965
1200000 11400000 2781287
1200000 11700000 3623003
1200000 12000000 5311572
1200000 12300000 6126678
1200000 12600000 7387065
1500000 0 5944335
1500000 300000 5250976
1500000 600000 5365067
1500000 900000 4204704
1500000 1200000 3393880
1500000 1500000 3078422
1500000 1800000 2959016
1500000 2100000 2467723
1500000 2400000 1987178
1500000 2700000 1689611
1500000 3000000 1431009
1500000 3300000 1403678
1500000 3600000 1589167
1500000 3900000 1842884
1500000 4200000 1936667
1500000 4500000 1784344
1500000 4800000 1461375
1500000 5100000 1365525
1500000 5400000 1260963
1500000 5700000 1189675
1500000 6000000 969920
1500000 6300000 721207
1500000 6600000 632709
1500000 6900000 736495
1500000 7200000 791809
1500000 7500000 1072657
1500000 7800000 956290
1500000 8100000 1153809
1500000 8400000 1402286
1500000 8700000 1564989
1500000 9000000 1522569
1500000 9300000 1788883
1500000 9600000 1672448
1500000 9900000 2053129
1500000 10200000 2004770
1500000 10500000 2109039
1500000 10800000 2019121
1500000 11100000 1981058
1500000 11400000 3436447
1500000 11700000 3895313
1500000 12000000 4752450
1500000 12300000 5870405
1500000 12600000 6337078
1800000 0 4885929
1800000 300000 4925908
1800000 600000 4787877
1800000 900000 3541530
1800000 1200000 3300284
1800000 1500000 2786829
1800000 1800000 2102980
1800000 2100000 1415367
1800000 2400000 1082850
1800000 2700000 761670
1800000 3000000 569767
1800000 3300000 647058
1800000 3600000 800400
1800000 3900000 928176
1800000 4200000 861913
1800000 4500000 595553
1800000 4800000 467313
1800000 5100000 479327
1800000 5400000 361876
1800000 5700000 368298
1800000 6000000 159123
1800000 6300000 779
1800000 6600000 51068
1800000 6900000 385175
1800000 7200000 799155
1800000 7500000 866308
1800000 7800000 823978
1800000 8100000 1032542
1800000 8400000 1321590
1800000 8700000 1249206
1800000 9000000 1364768
1800000 9300000 1325570
1800000 9600000 1354329
1800000 9900000 1586277
1800000 10200000 1459773
1800000 10500000 1467993
1800000 10800000 1667875
1800000 11100000 2684411
1800000 11400000 3494771
1800000 11700000 3823247
1800000 12000000 4907733
1800000 12300000 5044665
1800000 12600000 5735802
2100000 0 4759801
2100000 300000 5497704
2100000 600000 3104289
2100000 900000 3274016
2100000 1200000 2575127
2100000 1500000 1543867
2100000 1800000 443654
2100000 2100000 312926
2100000 2400000 113793
2100000 2700000 -4
2100000 3000000 -974
2100000 3300000 436
2100000 3600000 779
2100000 3900000 -784
2100000 4200000 -430
2100000 4500000 975
2100000 4800000 -5
2100000 5100000 -973
2100000 5400000 438
2100000 5700000 780
2100000 6000000 -784
2100000 6300000 -430
2100000 6600000 975
2100000 6900000 510856
2100000 7200000 669440
2100000 7500000 597934
2100000 7800000 703579
2100000 8100000 987824
2100000 8400000 1107223
2100000 8700000 1117956
2100000 9000000 898069
2100000 9300000 952579
2100000 9600000 1074848
2100000 9900000 1091493
2100000 10200000 1003582
2100000 10500000 1118449
2100000 10800000 1712204
2100000 11100000 2768666
2100000 11400000 3400746
2100000 11700000 4584130
2100000 12000000 4940846
2100000 12300000 5609065
2100000 12600000 4804989
2400000 0 5457478
2400000 300000 4469507
2400000 600000 2474111
2400000 900000 2100135
2400000 1200000 834458
2400000 1500000 -428
2400000 1800000 976
2400000 2100000 -5
2400000 2400000 -974
2400000 2700000 437
2400000 3000000 779
2400000 3300000 -784
2400000 3600000 -430
2400000 3900000 976
2400000 4200000 -4
2400000 4500000 -973
2400000 4800000 439
2400000 5100000 778
2400000 5400000 -784
2400000 5700000 -429
2400000 6000000 975
2400000 6300000 -3
2400000 6600000 28373
2400000 6900000 405534
2400000 7200000 297650
2400000 7500000 360397
2400000 7800000 714340
2400000 8100000 828432
2400000 8400000 920292
2400000 8700000 590308
2400000 9000000 434144
2400000 9300000 557141
2400000 9600000 779468
2400000 9900000 796306
2400000 10200000 804849
2400000 10500000 1557750
2400000 10800000 2271188
2400000 11100000 3148145
2400000 11400000 3562133
2400000 11700000 4120014
2400000 12000000 5524684
2400000 12300000 6088744
2400000 12600000 5911683
2700000 0 5170492
2700000 300000 3133513
2700000 600000 1807951
2700000 900000 201867
2700000 1200000 975
2700000 1500000 -4
2700000 1800000 -974
2700000 2100000 440
2700000 2400000 777
2700000 2700000 -783
2700000 3000000 -431
2700000 3300000 976
2700000 3600000 -5
2700000 3900000 -973
2700000 4200000 438
2700000 4500000 778
2700000 4800000 -784
2700000 5100000 -430
2700000 5400000 976
2700000 5700000 -7
2700000 6000000 -974
2700000 6300000 436
2700000 6600000 163232
2700000 6900000 111413
2700000 7200000 102443
2700000 7500000 327409
2700000 7800000 714838
2700000 8100000 771455
2700000 8400000 415312
2700000 8700000 252587
2700000 9000000 322351
2700000 9300000 443522
2700000 9600000 710694
2700000 9900000 498728
2700000 10200000 1434040
2700000 10500000 1974066
2700000 10800000 2753122
2700000 11100000 2973804
2700000 11400000 3322645
2700000 11700000 4093075
2700000 12000000 5362576
2700000 12300000 5644648
2700000 12600000 5905984
3000000 0 2857941
3000000 300000 1523583
3000000 600000 976
3000000 900000 -9
3000000 1200000 -973
3000000 1500000 438
3000000 1800000 779
3000000 2100000 -784
3000000 2400000 -430
3000000 2700000 975
3000000 3000000 -2
3000000 3300000 -973
3000000 3600000 439
3000000 3900000 778
3000000 4200000 -785
3000000 4500000 -429
3000000 4800000 975
3000000 5100000 -4
3000000 5400000 -973
3000000 5700000 440
3000000 6000000 777
3000000 6300000 -786
3000000 6600000 37749
3000000 6900000 976
3000000 7200000 200510
3000000 7500000 498815
3000000 7800000 604357
3000000 8100000 486291
3000000 8400000 158929
3000000 8700000 344013
3000000 9000000 282578
3000000 9300000 540488
3000000 9600000 631900
3000000 9900000 1156409
3000000 10200000 1870219
3000000 10500000 2421701
3000000 10800000 2940648
3000000 11100000 2847827
3000000 11400000 3220213
3000000 11700000 3980406
3000000 12000000 4387513
3000000 12300000 4733190
3000000 12600000 4789121
3300000 0 1731341
3300000 300000 -6
3300000 600000 -973
3300000 900000 439
3300000 1200000 778
3300000 1500000 -785
3300000 1800000 -429
3300000 2100000 976
3300000 2400000 -7
3300000 2700000 -973
3300000 3000000 440
3300000 3300000 777
3300000 3600000 -785
3300000 3900000 -428
3300000 4200000 977
3300000 4500000 -9
3300000 4800000 -973
3300000 5100000 438
3300000 5400000 779
3300000 5700000 -784
3300000 6000000 -430
3300000 6300000 21986
3300000 6600000 -6
3300000 6900000 127352
3300000 7200000 396471
3300000 7500000 637729
3300000 7800000 559650
3300000 8100000 306188
3300000 8400000 293236
3300000 8700000 353691
3300000 9000000 550914
3300000 9300000 612277
3300000 9600000 1423408
3300000 9900000 1682885
3300000 10200000 2140188
3300000 10500000 2510454
3300000 10800000 2710409
3300000 11100000 2703032
3300000 11400000 2975826
3300000 11700000 2884739
3300000 12000000 2945036
3300000 12300000 3448007
3300000 12600000 2506250
3600000 0 74913
3600000 300000 440
3600000 600000 777
3600000 900000 -788
3600000 1200000 -424
3600000 1500000 976
3600000 1800000 -5
3600000 2100000 -973
3600000 2400000 437
3600000 2700000 779
3600000 3000000 -784
3600000 3300000 -427
3600000 3600000 976
3600000 3900000 -6
3600000 4200000 -973
3600000 4500000 439
3600000 4800000 778
3600000 5100000 -785
3600000 5400000 -426
3600000 5700000 976
3600000 6000000 147782
3600000 6300000 202982
3600000 6600000 215607
3600000 6900000 471527
3600000 7200000 784615
3600000 7500000 777331
3600000 7800000 621514
3600000 8100000 596856
3600000 8400000 535184
3600000 8700000 655150
3600000 9000000 776422
3600000 9300000 1592995
3600000 9600000 1851342
3600000 9900000 1866795
3600000 10200000 2184045
3600000 10500000 2302321
3600000 10800000 2231267
3600000 11100000 2254581
3600000 11400000 1998727
3600000 11700000 1272222
3600000 12000000 859907
3600000 12300000 1080360
3600000 12600000 807916
3900000 0 776
3900000 300000 -786
3900000 600000 -427
3900000 900000 976
3900000 1200000 -6
3900000 1500000 -973
3900000 1800000 438
3900000 2100000 776
3900000 2400000 -787
3900000 2700000 -426
3900000 3000000 976
3900000 3300000 -7
3900000 3600000 -973
3900000 3900000 440
3900000 4200000 775
3900000 4500000 -788
3900000 4800000 -425
3900000 5100000 976
3900000 5400000 -5
3900000 5700000 276155
3900000 6000000 378556
3900000 6300000 490372
3900000 6600000 584309
3900000 6900000 927069
3900000 7200000 1067781
3900000 7500000 943780
3900000 7800000 933493
3900000 8100000 716927
3900000 8400000 888790
3900000 8700000 1049879
3900000 9000000 1794678
3900000 9300000 2005042
3900000 9600000 1950116
3900000 9900000 2102864
3900000 10200000 2212504
3900000 10500000 2000566
3900000 10800000 1801599
3900000 11100000 1238698
3900000 11400000 876378
3900000 11700000 -9
3900000 12000000 -972
3900000 12300000 438
3900000 12600000 779
4200000 0 -426
4200000 300000 976
4200000 600000 -7
4200000 900000 -972
4200000 1200000 443
4200000 1500000 775
4200000 1800000 -787
4200000 2100000 -428
4200000 2400000 976
4200000 2700000 -4
4200000 3000000 -973
4200000 3300000 441
4200000 3600000 776
4200000 3900000 -786
4200000 4200000 -427
4200000 4500000 976
4200000 4800000 -6
4200000 5100000 143095
4200000 5400000 505588
4200000 5700000 683065
4200000 6000000 816390
4200000 6300000 907035
4200000 6600000 1192730
4200000 6900000 1413260
4200000 7200000 1368336
4200000 7500000 1263480
4200000 7800000 1101723
4200000 8100000 1160239
4200000 8400000 1346067
4200000 8700000 1991404
4200000 9000000 2175093
4200000 9300000 2091497
4200000 9600000 2115810
4200000 9900000 2175017
4200000 10200000 1830961
4200000 10500000 1497508
4200000 10800000 900817
4200000 11100000 337356
4200000 11400000 -973
4200000 11700000 439
4200000 12000000 775
4200000 12300000 -787
4200000 12600000 -426
4500000 0 -8
4500000 300000 -973
4500000 600000 440
4500000 900000 777
4500000 1200000 -786
4500000 1500000 -427
4500000 1800000 976
4500000 2100000 -9
4500000 2400000 -972
4500000 2700000 442
4500000 3000000 776
4500000 3300000 -787
4500000 3600000 -426
4500000 3900000 976
4500000 4200000 243389
4500000 4500000 329090
4500000 4800000 463819
4500000 5100000 742888
4500000 5400000 987098
4500000 5700000 1144141
4500000 6000000 1303456
4500000 6300000 1476881
4500000 6600000 1728846
4500000 6900000 1730972
4500000 7200000 1616039
4500000 7500000 1568832
4500000 7800000 1492919
4500000 8100000 1744942
4500000 8400000 2178349
4500000 8700000 2382859
4500000 9000000 2192865
4500000 9300000 2217435
4500000 9600000 2273649
4500000 9900000 2001081
4500000 10200000 1528126
4500000 10500000 804357
4500000 10800000 321312
4500000 11100000 443
4500000 11400000 775
4500000 11700000 -788
4500000 12000000 -425
4500000 12300000 976
4500000 12600000 -5
4800000 0 441
4800000 300000 776
4800000 600000 -786
4800000 900000 -423
4800000 1200000 977
4800000 1500000 -11
4800000 1800000 -972
4800000 2100000 443
4800000 2400000 777
4800000 2700000 -785
4800000 3000000 -429
4800000 3300000 976
4800000 3600000 49455
4800000 3900000 600056
4800000 4200000 854901
4800000 4500000 1056856
4800000 4800000 1154766
4800000 5100000 1362802
4800000 5400000 1499282
4800000 5700000 1676370
4800000 6000000 1762599
4800000 6300000 2018322
4800000 6600000 2047540
4800000 6900000 2044036
4800000 7200000 1908536
4800000 7500000 1931273
4800000 7800000 1994964
4800000 8100000 2422158
4800000 8400000 2654502
4800000 8700000 2515064
4800000 9000000 2336350
4800000 9300000 2361083
4800000 9600000 2191302
4800000 9900000 1827682
4800000 10200000 1086701
4800000 10500000 578012
4800000 10800000 777
4800000 11100000 -786
4800000 11400000 -427
4800000 11700000 976
4800000 12000000 -10
4800000 12300000 -972
4800000 12600000 442
5100000 0 -787
5100000 300000 -425
5100000 600000 976
5100000 900000 -8
5100000 1200000 -973
5100000 1500000 440
5100000 1800000 777
5100000 2100000 -788
5100000 2400000 -424
5100000 2700000 977
5100000 3000000 -9
5100000 3300000 280742
5100000 3600000 837596
5100000 3900000 1131897
5100000 4200000 1355194
5100000 4500000 1565895
5100000 4800000 1703363
5100000 5100000 1845026
5100000 5400000 1873172
5100000 5700000 1993619
5100000 6000000 2157944
5100000 6300000 2283952
5100000 6600000 2308003
5100000 6900000 2225418
5100000 7200000 2196079
5100000 7500000 2260582
5100000 7800000 2569796
5100000 8100000 2845332
5100000 8400000 2705610
5100000 8700000 2597562
5100000 9000000 2520347
5100000 9300000 2383326
5100000 9600000 2088199
5100000 9900000 1503914
5100000 10200000 893248
5100000 10500000 280493
5100000 10800000 -423
5100000 11100000 977
5100000 11400000 -7
5100000 11700000 -972
5100000 12000000 446
5100000 12300000 775
5100000 12600000 -790
5400000 0 977
5400000 300000 -9
5400000 600000 -971
5400000 900000 441
5400000 1200000 774
5400000 1500000 -786
5400000 1800000 -423
5400000 2100000 978
5400000 2400000 -10
5400000 2700000 -973
5400000 3000000 272606
5400000 3300000 915664
5400000 3600000 1392096
5400000 3900000 1507778
5400000 4200000 1674949
5400000 4500000 1843449
5400000 4800000 2028025
5400000 5100000 2070498
5400000 5400000 2141122
5400000 5700000 2272522
5400000 6000000 2339744
5400000 6300000 2395909
5400000 6600000 2405069
5400000 6900000 2369313
5400000 7200000 2439823
5400000 7500000 2679116
5400000 7800000 2885854
5400000 8100000 2877693
5400000 8400000 2758202
5400000 8700000 2747232
5400000 9000000 2583670
5400000 9300000 2323326
5400000 9600000 1875929
5400000 9900000 1333833
5400000 10200000 699576
5400000 10500000 152322
5400000 10800000 -8
5400000 11100000 -972
5400000 11400000 440
5400000 11700000 774
5400000 12000000 -786
5400000 12300000 -424
5400000 12600000 976
5700000 0 -973
5700000 300000 442
5700000 600000 778
5700000 900000 -787
5700000 1200000 -422
5700000 1500000 976
5700000 1800000 -11
5700000 2100000 -973
5700000 2400000 443
5700000 2700000 158318
5700000 3000000 930246
5700000 3300000 1453559
5700000 3600000 1675470
5700000 3900000 1753372
5700000 4200000 1939335
5700000 4500000 2088260
5700000 4800000 2196483
5700000 5100000 2319409
5700000 5400000 2380890
5700000 5700000 2433277
5700000 6000000 2474813
5700000 6300000 2532870
5700000 6600000 2558122
5700000 6900000 2577833
5700000 7200000 2762540
5700000 7500000 2955285
5700000 7800000 2929812
5700000 8100000 2969366
5700000 8400000 2922180
5700000 8700000 2822893
5700000 9000000 2592432
5700000 9300000 2210583
5700000 9600000 1799160
5700000 9900000 1208457
5700000 10200000 640276
5700000 10500000 137956
5700000 10800000 441
5700000 11100000 774
5700000 11400000 -786
5700000 11700000 -423
5700000 12000000 978
5700000 12300000 -10
5700000 12600000 -971
6000000 0 777
6000000 300000 -788
6000000 600000 -428
6000000 900000 977
6000000 1200000 -5
6000000 1500000 -972
6000000 1800000 438
6000000 2100000 771
6000000 2400000 -789
6000000 2700000 728874
6000000 3000000 1310054
6000000 3300000 1593600
6000000 3600000 1743158
6000000 3900000 1927468
6000000 4200000 2086205
6000000 4500000 2222092
6000000 4800000 2279806
6000000 5100000 2354214
6000000 5400000 2427236
6000000 5700000 2509527
6000000 6000000 2544238
6000000 6300000 2624620
6000000 6600000 2665955
6000000 6900000 2747386
6000000 7200000 2902108
6000000 7500000 2969241
6000000 7800000 2995396
6000000 8100000 3028562
6000000 8400000 2932701
6000000 8700000 2807615
6000000 9000000 2437691
6000000 9300000 2143004
6000000 9600000 1606184
6000000 9900000 1061784
6000000 10200000 548881
6000000 10500000 778
6000000 10800000 -792
6000000 11100000 -422
6000000 11400000 978
6000000 11700000 -12
6000000 12000000 -971
6000000 12300000 444
6000000 12600000 772
6300000 0 -420
6300000 300000 977
6300000 600000 -14
6300000 900000 -972
6300000 1200000 446
6300000 1500000 776
6300000 1800000 -789
6300000 2100000 -426
6300000 2400000 356346
6300000 2700000 984230
6300000 3000000 1318873
6300000 3300000 1514748
6300000 3600000 1817215
6300000 3900000 1944312
6300000 4200000 2092219
6300000 4500000 2161779
6300000 4800000 2188996
6300000 5100000 2291678
6300000 5400000 2374354
6300000 5700000 2489296
6300000 6000000 2570330
6300000 6300000 2608027
6300000 6600000 2666275
6300000 6900000 2761415
6300000 7200000 2846853
6300000 7500000 2922611
6300000 7800000 2946048
6300000 8100000 2915751
6300000 8400000 2794154
6300000 8700000 2576767
6300000 9000000 2294645
6300000 9300000 1866947
6300000 9600000 1302459
6300000 9900000 799253
6300000 10200000 129044
6300000 10500000 -428
6300000 10800000 977
6300000 11100000 -5
6300000 11400000 -972
6300000 11700000 438
6300000 12000000 771
6300000 12300000 -789
6300000 12600000 -419
6600000 0 -15
6600000 300000 -972
6600000 600000 447
6600000 900000 775
6600000 1200000 -790
6600000 1500000 -425
6600000 1800000 977
6600000 2100000 -8
6600000 2400000 631400
6600000 2700000 1008241
6600000 3000000 1249997
6600000 3300000 1638607
6600000 3600000 1851993
6600000 3900000 1961407
6600000 4200000 2028916
6600000 4500000 2083314
6600000 4800000 2151784
6600000 5100000 2272347
6600000 5400000 2383629
6600000 5700000 2482361
6600000 6000000 2586113
6600000 6300000 2612765
6600000 6600000 2652502
6600000 6900000 2723145
6600000 7200000 2801111
6600000 7500000 2850416
6600000 7800000 2820358
6600000 8100000 2785472
6600000 8400000 2595479
6600000 8700000 2423389
6600000 9000000 2014628
6600000 9300000 1496780
6600000 9600000 976102
6600000 9900000 359757
6600000 10200000 977
6600000 10500000 -14
6600000 10800000 -972
6600000 11100000 446
6600000 11400000 775
6600000 11700000 -789
6600000 12000000 -426
6600000 12300000 977
6600000 12600000 -7
6900000 0 441
6900000 300000 774
6900000 600000 -786
6900000 900000 -417
6900000 1200000 978
6900000 1500000 -17
6900000 1800000 -971
6900000 2100000 136841
6900000 2400000 626643
6900000 2700000 901616
6900000 3000000 1354376
6900000 3300000 1654179
6900000 3600000 1825886
6900000 3900000 1861947
6900000 4200000 1940741
6900000 4500000 2028033
6900000 4800000 2048959
6900000 5100000 2214595
6900000 5400000 2313331
6900000 5700000 2479268
6900000 6000000 2476566
6900000 6300000 2480968
6900000 6600000 2539015
6900000 6900000 2580248
6900000 7200000 2635760
6900000 7500000 2679430
6900000 7800000 2601429
6900000 8100000 2544139
6900000 8400000 2316157
6900000 8700000 2048474
6900000 9000000 1530109
6900000 9300000 1066619
6900000 9600000 445308
6900000 9900000 -15
6900000 10200000 -970
6900000 10500000 447
6900000 10800000 775
6900000 11100000 -790
6900000 11400000 -425
6900000 11700000 977
6900000 12000000 -9
6900000 12300000 -972
6900000 12600000 441
7200000 0 -791
7200000 300000 -423
7200000 600000 976
7200000 900000 -11
7200000 1200000 -973
7200000 1500000 443
7200000 1800000 777
7200000 2100000 156500
7200000 2400000 546207
7200000 2700000 987489
7200000 3000000 1412672
7200000 3300000 1630203
7200000 3600000 1720792
7200000 3900000 1711400
7200000 4200000 1782321
7200000 4500000 1830340
7200000 4800000 1914642
7200000 5100000 2066405
7200000 5400000 2313633
7200000 5700000 2286481
7200000 6000000 2224455
7200000 6300000 2233500
7200000 6600000 2282032
7200000 6900000 2366722
7200000 7200000 2390356
7200000 7500000 2363548
7200000 7800000 2272643
7200000 8100000 2136397
7200000 8400000 1856590
7200000 8700000 1440380
7200000 9000000 953676
7200000 9300000 397214
7200000 9600000 -972
7200000 9900000 441
7200000 10200000 774
7200000 10500000 -786
7200000 10800000 -416
7200000 11100000 978
7200000 11400000 -18
7200000 11700000 -971
7200000 12000000 449
7200000 12300000 773
7200000 12600000 -792
7500000 0 978
7500000 300000 -12
7500000 600000 -971
7500000 900000 444
7500000 1200000 772
7500000 1500000 -788
7500000 1800000 -420
7500000 2100000 235795
7500000 2400000 755057
7500000 2700000 1233309
7500000 3000000 1553349
7500000 3300000 1619281
7500000 3600000 1566707
7500000 3900000 1579871
7500000 4200000 1635880
7500000 4500000 1710346
7500000 4800000 1874748
7500000 5100000 2163198
7500000 5400000 2194044
7500000 5700000 2011369
7500000 6000000 2023232
7500000 6300000 2026061
7500000 6600000 2086691
7500000 6900000 2168157
7500000 7200000 2113693
7500000 7500000 2039135
7500000 7800000 1914161
7500000 8100000 1701706
7500000 8400000 1323803
7500000 8700000 880210
7500000 9000000 312467
7500000 9300000 449
7500000 9600000 773
7500000 9900000 -791
7500000 10200000 -422
7500000 10500000 978
7500000 10800000 -11
7500000 11100000 -971
7500000 11400000 443
7500000 11700000 777
7500000 12000000 -792
7500000 12300000 -421
7500000 12600000 978
7800000 0 -970
7800000 300000 452
7800000 600000 771
7800000 900000 -794
7800000 1200000 -419
7800000 1500000 977
7800000 1800000 -14
7800000 2100000 619530
7800000 2400000 1159571
7800000 2700000 1503109
7800000 3000000 1557431
7800000 3300000 1483933
7800000 3600000 1436321
7800000 3900000 1467477
7800000 4200000 1559253
7800000 4500000 1677032
7800000 4800000 2060064
7800000 5100000 2059812
7800000 5400000 1917178
7800000 5700000 1869049
7800000 6000000 1824460
7800000 6300000 1881230
7800000 6600000 1910622
7800000 6900000 1870072
7800000 7200000 1756988
7800000 7500000 1509440
7800000 7800000 1378235
7800000 8100000 1182912
7800000 8400000 725713
7800000 8700000 247752
7800000 9000000 773
7800000 9300000 -792
7800000 9600000 -421
7800000 9900000 978
7800000 10200000 -12
7800000 10500000 -971
7800000 10800000 444
7800000 11100000 772
7800000 11400000 -788
7800000 11700000 -420
7800000 12000000 977
7800000 12300000 -13
7800000 12600000 -972
8100000 0 775
8100000 300000 -789
8100000 600000 -425
8100000 900000 979
8100000 1200000 -15
8100000 1500000 -970
8100000 1800000 597575
8100000 2100000 1127971
8100000 2400000 1581592
8100000 2700000 1587870
8100000 3000000 1578376
8100000 3300000 1380677
8100000 3600000 1386839
8100000 3900000 1471890
8100000 4200000 1591730
8100000 4500000 1936797
8100000 4800000 1958325
8100000 5100000 1826112
8100000 5400000 1794384
8100000 5700000 1694160
8100000 6000000 1696548
8100000 6300000 1717672
8100000 6600000 1541129
8100000 6900000 1509726
8100000 7200000 1210241
8100000 7500000 962953
8100000 7800000 719859
8100000 8100000 503172
8100000 8400000 34689
8100000 8700000 -788
8100000 9000000 -420
8100000 9300000 977
8100000 9600000 -21
8100000 9900000 -970
8100000 10200000 452
8100000 10500000 771
8100000 10800000 -794
8100000 11100000 -419
8100000 11400000 979
8100000 11700000 -14
8100000 12000000 -972
8100000 12300000 446
8100000 12600000 775
8400000 0 -417
8400000 300000 977
8400000 600000 -17
8400000 900000 -971
8400000 1200000 229427
8400000 1500000 938226
8400000 1800000 1424340
8400000 2100000 1773126
8400000 2400000 1809350
8400000 2700000 1722889
8400000 3000000 1599285
8400000 3300000 1486082
8400000 3600000 1533590
8400000 3900000 1585785
8400000 4200000 1869447
8400000 4500000 2004519
8400000 4800000 1810624
8400000 5100000 1896900
8400000 5400000 1686872
8400000 5700000 1530343
8400000 6000000 1480572
8400000 6300000 1306417
8400000 6600000 1330674
8400000 6900000 958938
8400000 7200000 635078
8400000 7500000 356590
8400000 7800000 31388
8400000 8100000 -793
8400000 8400000 -419
8400000 8700000 977
8400000 9000000 -14
8400000 9300000 -972
8400000 9600000 446
8400000 9900000 775
8400000 10200000 -790
8400000 10500000 -425
8400000 10800000 979
8400000 11100000 -16
8400000 11400000 -970
8400000 11700000 447
8400000 12000000 769
8400000 12300000 -790
8400000 12600000 -417
8700000 0 -18
8700000 300000 108476
8700000 600000 107048
8700000 900000 392489
8700000 1200000 1401035
8700000 1500000 1911824
8700000 1800000 2364533
8700000 2100000 2438760
8700000 2400000 2134492
8700000 2700000 1917930
8700000 3000000 1748795
8700000 3300000 1833022
8700000 3600000 1899260
8700000 3900000 2118768
8700000 4200000 2174415
8700000 4500000 2024436
8700000 4800000 2121484
8700000 5100000 1876562
8700000 5400000 1621219
8700000 5700000 1431761
8700000 6000000 1342704
8700000 6300000 1162382
8700000 6600000 950072
8700000 6900000 512739
8700000 7200000 247957
8700000 7500000 -794
8700000 7800000 -418
8700000 8100000 979
8700000 8400000 -15
8700000 8700000 -970
8700000 9000000 447
8700000 9300000 770
8700000 9600000 -790
8700000 9900000 -417
8700000 10200000 977
8700000 10500000 -17
8700000 10800000 -971
8700000 11100000 448
8700000 11400000 774
8700000 11700000 -796
8700000 12000000 -416
8700000 12300000 978
8700000 12600000 -18
9000000 0 1185437
9000000 300000 1340328
9000000 600000 1189983
9000000 900000 1845624
9000000 1200000 2525478
9000000 1500000 3049500
9000000 1800000 3041598
9000000 2100000 2972545
9000000 2400000 2622924
9000000 2700000 2203969
9000000 3000000 2276048
9000000 3300000 2367796
9000000 3600000 2628309
9000000 3900000 2589978
9000000 4200000 2485646
9000000 4500000 2417682
9000000 4800000 2231009
9000000 5100000 1786194
9000000 5400000 1512429
9000000 5700000 1408976
9000000 6000000 1275069
9000000 6300000 982337
9000000 6600000 606068
9000000 6900000 275614
9000000 7200000 -417
9000000 7500000 977
9000000 7800000 -17
9000000 8100000 -972
9000000 8400000 455
9000000 8700000 769
9000000 9000000 -791
9000000 9300000 -416
9000000 9600000 978
9000000 9900000 -18
9000000 10200000 -971
9000000 10500000 449
9000000 10800000 773
9000000 11100000 -792
9000000 11400000 -422
9000000 11700000 978
9000000 12000000 -11
9000000 12300000 -971
9000000 12600000 443
9300000 0 1946720
9300000 300000 2994099
9300000 600000 3106513
9300000 900000 3145140
9300000 1200000 3700246
9300000 1500000 3987476
9300000 1800000 3825341
9300000 2100000 3547075
9300000 2400000 3080869
9300000 2700000 2802632
9300000 3000000 3056487
9300000 3300000 3427812
9300000 3600000 3301279
9300000 3900000 3089707
9300000 4200000 3008541
9300000 4500000 2647511
9300000 4800000 2161965
9300000 5100000 1844024
9300000 5400000 1553745
9300000 5700000 1456064
9300000 6000000 1161788
9300000 6300000 743182
9300000 6600000 498511
9300000 6900000 246168
9300000 7200000 -18
9300000 7500000 -971
9300000 7800000 449
9300000 8100000 773
9300000 8400000 -792
9300000 8700000 -422
9300000 9000000 978
9300000 9300000 -11
9300000 9600000 -969
9300000 9900000 450
9300000 10200000 767
9300000 10500000 -792
9300000 10800000 -414
9300000 11100000 978
9300000 11400000 -20
9300000 11700000 -971
9300000 12000000 451
9300000 12300000 771
9300000 12600000 1317873
9600000 0 3108227
9600000 300000 4429545
9600000 600000 4275860
9600000 900000 4384260
9600000 1200000 4418525
9600000 1500000 4623358
9600000 1800000 4526849
9600000 2100000 4170337
9600000 2400000 3861818
9600000 2700000 3862647
9600000 3000000 4151094
9600000 3300000 4211523
9600000 3600000 3775290
9600000 3900000 3658180
9600000 4200000 3262350
9600000 4500000 2711217
9600000 4800000 2251359
9600000 5100000 1848787
9600000 5400000 1707975
9600000 5700000 1589268
9600000 6000000 1208039
9600000 6300000 929018
9600000 6600000 625389
9600000 6900000 422474
9600000 7200000 343378
9600000 7500000 66182
9600000 7800000 -792
9600000 8100000 -414
9600000 8400000 978
9600000 8700000 -20
9600000 9000000 -971
9600000 9300000 444
9600000 9600000 771
9600000 9900000 -788
9600000 10200000 -420
9600000 10500000 977
9600000 10800000 -22
9600000 11100000 -970
9600000 11400000 452
9600000 11700000 771
9600000 12000000 -794
9600000 12300000 286609
9600000 12600000 2250540
9900000 0 4251296
9900000 300000 5349989
9900000 600000 5264304
9900000 900000 5186434
9900000 1200000 5138412
9900000 1500000 5149433
9900000 1800000 5319643
9900000 2100000 4892043
9900000 2400000 4993550
9900000 2700000 5053173
9900000 3000000 5184295
9900000 3300000 4581074
9900000 3600000 4251282
9900000 3900000 3896452
9900000 4200000 3358315
9900000 4500000 2874362
9900000 4800000 2267341
9900000 5100000 2057846
9900000 5400000 1940107
9900000 5700000 1761466
9900000 6000000 1484957
9900000 6300000 1177494
9900000 6600000 914017
9900000 6900000 953503
9900000 7200000 899348
9900000 7500000 285306
9900000 7800000 57086
9900000 8100000 -21
9900000 8400000 -970
9900000 8700000 452
9900000 9000000 771
9900000 9300000 -794
9900000 9600000 -419
9900000 9900000 979
9900000 10200000 -15
9900000 10500000 -970
9900000 10800000 447
9900000 11100000 770
9900000 11400000 -790
9900000 11700000 -410
9900000 12000000 351149
9900000 12300000 1451605
9900000 12600000 3166167
10200000 0 4461232
10200000 300000 5827609
10200000 600000 5783642
10200000 900000 5729956
10200000 1200000 6197006
10200000 1500000 6221055
10200000 1800000 6101919
10200000 2100000 5778878
10200000 2400000 6292626
10200000 2700000 6311565
10200000 3000000 5685738
10200000 3300000 4914242
10200000 3600000 4452390
10200000 3900000 4082114
10200000 4200000 3443118
10200000 4500000 2750841
10200000 4800000 2461399
10200000 5100000 2350297
10200000 5400000 2279505
10200000 5700000 2144368
10200000 6000000 1768134
10200000 6300000 1402714
10200000 6600000 1617695
10200000 6900000 1599827
10200000 7200000 1280663
10200000 7500000 989576
10200000 7800000 989316
10200000 8100000 873923
10200000 8400000 543212
10200000 8700000 13060
10200000 9000000 -411
10200000 9300000 979
10200000 9600000 -24
10200000 9900000 -970
10200000 10200000 448
10200000 10500000 769
10200000 10800000 -791
10200000 11100000 -417
10200000 11400000 978
10200000 11700000 488149
10200000 12000000 1389128
10200000 12300000 1760974
10200000 12600000 3938757
10500000 0 4627841
10500000 300000 5664241
10500000 600000 5969050
10500000 900000 7148711
10500000 1200000 7178609
10500000 1500000 7072026
10500000 1800000 6808941
10500000 2100000 7293046
10500000 2400000 7345802
10500000 2700000 6715860
10500000 3000000 5809169
10500000 3300000 5136554
10500000 3600000 4474285
10500000 3900000 4058646
10500000 4200000 3353478
10500000 4500000 2870696
10500000 4800000 2825383
10500000 5100000 2812061
10500000 5400000 2755042
10500000 5700000 2538683
10500000 6000000 2029185
10500000 6300000 2201057
10500000 6600000 2343890
10500000 6900000 2235361
10500000 7200000 2047235
10500000 7500000 1943972
10500000 7800000 1842398
10500000 8100000 1606329
10500000 8400000 1050660
10500000 8700000 724063
10500000 9000000 440354
10500000 9300000 254110
10500000 9600000 449
10500000 9900000 773
10500000 10200000 -796
10500000 10500000 11454
10500000 10800000 30519
10500000 11100000 527964
10500000 11400000 1170093
10500000 11700000 1802891
10500000 12000000 927503
10500000 12300000 3811032
10500000 12600000 3500585
10800000 0 5120428
10800000 300000 5987644
10800000 600000 7319189
10800000 900000 8115418
10800000 1200000 8493804
10800000 1500000 8503276
10800000 1800000 8677217
10800000 2100000 8528206
10800000 2400000 7785802
10800000 2700000 6669699
10800000 3000000 5771367
10800000 3300000 5235908
10800000 3600000 4581345
10800000 3900000 3944747
10800000 4200000 3342971
10800000 4500000 3265803
10800000 4800000 3186647
10800000 5100000 3248580
10800000 5400000 3042560
10800000 5700000 2590343
10800000 6000000 2790959
10800000 6300000 2808190
10800000 6600000 2983796
10800000 6900000 2946451
10800000 7200000 2741497
10800000 7500000 2688505
10800000 7800000 2317995
10800000 8100000 1937287
10800000 8400000 1592890
10800000 8700000 1214956
10800000 9000000 1086160
10800000 9300000 861610
10800000 9600000 445517
10800000 9900000 426400
10800000 10200000 613295
10800000 10500000 881768
10800000 10800000 1185424
10800000 11100000 1698367
10800000 11400000 1796552
10800000 11700000 1944327
10800000 12000000 1842734
10800000 12300000 4102090
10800000 12600000 3500772
11100000 0 5745275
11100000 300000 6905676
11100000 600000 9004774
11100000 900000 10023750
11100000 1200000 10066020
11100000 1500000 9914284
11100000 1800000 9500505
11100000 2100000 8870812
11100000 2400000 7467800
11100000 2700000 6366426
11100000 3000000 5530377
11100000 3300000 5162542
11100000 3600000 4527647
11100000 3900000 3713719
11100000 4200000 3599153
11100000 4500000 3597298
11100000 4800000 3624508
11100000 5100000 3573854
11100000 5400000 3166234
11100000 5700000 3168534
11100000 6000000 3507855
11100000 6300000 3558164
11100000 6600000 3605900
11100000 6900000 3470142
11100000 7200000 3338672
11100000 7500000 3159611
11100000 7800000 2644295
11100000 8100000 2232993
11100000 8400000 1980525
11100000 8700000 1827145
11100000 9000000 1542396
11100000 9300000 1223099
11100000 9600000 937501
11100000 9900000 1134877
11100000 10200000 1382367
11100000 10500000 1811108
11100000 10800000 1909102
11100000 11100000 1880694
11100000 11400000 1872509
11100000 11700000 2037653
11100000 12000000 3341679
11100000 12300000 4115515
11100000 12600000 4701019
11400000 0 6878429
11400000 300000 8631660
11400000 600000 11390550
11400000 900000 11680070
11400000 1200000 11799600
11400000 1500000 10344900
11400000 1800000 9498633
11400000 2100000 8452458
11400000 2400000 7124553
11400000 2700000 6166571
11400000 3000000 5636425
11400000 3300000 4753861
11400000 3600000 4208161
11400000 3900000 3819839
11400000 4200000 3831501
11400000 4500000 3974095
11400000 4800000 3873588
11400000 5100000 3540239
11400000 5400000 3495751
11400000 5700000 3676354
11400000 6000000 4171448
11400000 6300000 4178506
11400000 6600000 4064162
11400000 6900000 3793407
11400000 7200000 3630888
11400000 7500000 3238297
11400000 7800000 3153041
11400000 8100000 2550268
11400000 8400000 2340817
11400000 8700000 2070855
11400000 9000000 1950922
11400000 9300000 1509686
11400000 9600000 1813404
11400000 9900000 1861539
11400000 10200000 2056045
11400000 10500000 1956104
11400000 10800000 2023906
11400000 11100000 1936161
11400000 11400000 2055375
11400000 11700000 2246118
11400000 12000000 4830564
11400000 12300000 4713404
11400000 12600000 5866830
11700000 0 7650303
11700000 300000 10451210
11700000 600000 13144560
11700000 900000 13798370
11700000 1200000 11232150
11700000 1500000 9536164
11700000 1800000 8823009
11700000 2100000 7714250
11700000 2400000 6793220
11700000 2700000 5918398
11700000 3000000 5098714
11700000 3300000 4274827
11700000 3600000 4134858
11700000 3900000 3896123
11700000 4200000 4189469
11700000 4500000 4197916
11700000 4800000 3716187
11700000 5100000 3755986
11700000 5400000 4065996
11700000 5700000 4288073
11700000 6000000 4486660
11700000 6300000 4736853
11700000 6600000 4348801
11700000 6900000 4064116
11700000 7200000 3764338
11700000 7500000 3439840
11700000 7800000 3113734
11700000 8100000 2820568
11700000 8400000 2649761
11700000 8700000 2447350
11700000 9000000 2227463
11700000 9300000 2403912
11700000 9600000 2388588
11700000 9900000 2344546
11700000 10200000 2201211
11700000 10500000 2164504
11700000 10800000 1775301
11700000 11100000 2484422
11700000 11400000 2904541
11700000 11700000 3572882
11700000 12000000 5071988
11700000 12300000 6103819
11700000 12600000 6980030
12000000 0 7621818
12000000 300000 11587210
12000000 600000 13352930
12000000 900000 11826320
12000000 1200000 9755194
12000000 1500000 8963155
12000000 1800000 7905636
12000000 2100000 6929800
12000000 2400000 6125466
12000000 2700000 5245441
12000000 3000000 4448507
12000000 3300000 4129764
12000000 3600000 3814168
12000000 3900000 4205090
12000000 4200000 4141764
12000000 4500000 4051237
12000000 4800000 3921443
12000000 5100000 4100249
12000000 5400000 4470224
12000000 5700000 4647401
12000000 6000000 5059287
12000000 6300000 4843288
12000000 6600000 4503912
12000000 6900000 4125123
12000000 7200000 4040383
12000000 7500000 3553197
12000000 7800000 3186977
12000000 8100000 3004035
12000000 8400000 2845710
12000000 8700000 2717347
12000000 9000000 2730454
12000000 9300000 2669593
12000000 9600000 2593803
12000000 9900000 2528195
12000000 10200000 2247856
12000000 10500000 2057151
12000000 10800000 2426548
12000000 11100000 3174325
12000000 11400000 4196831
12000000 11700000 4253875
12000000 12000000 5026144
12000000 12300000 5465411
12000000 12600000 6598351
12300000 0 7726028
12300000 300000 12850980
12300000 600000 11178730
12300000 900000 9049511
12300000 1200000 9108915
12300000 1500000 8262995
12300000 1800000 7611937
12300000 2100000 6157457
12300000 2400000 5063985
12300000 2700000 4686943
12300000 3000000 4128110
12300000 3300000 3994882
12300000 3600000 4052072
12300000 3900000 4088967
12300000 4200000 3925608
12300000 4500000 3926422
12300000 4800000 4215301
12300000 5100000 4314142
12300000 5400000 4723343
12300000 5700000 5024362
12300000 6000000 5047938
12300000 6300000 4649017
12300000 6600000 4321742
12300000 6900000 4222512
12300000 7200000 3975420
12300000 7500000 3641411
12300000 7800000 3051721
12300000 8100000 3195122
12300000 8400000 3003489
12300000 8700000 2893235
12300000 9000000 2864424
12300000 9300000 2741813
12300000 9600000 2692305
12300000 9900000 2277669
12300000 10200000 2282934
12300000 10500000 2303851
12300000 10800000 2807392
12300000 11100000 3957280
12300000 11400000 4456270
12300000 11700000 4219138
12300000 12000000 4537078
12300000 12300000 4869075
12300000 12600000 5973143
12600000 0 11072750
12600000 300000 10246980
12600000 600000 7702727
12600000 900000 8283308
12600000 1200000 8008811
12600000 1500000 7641368
12600000 1800000 6515036
12600000 2100000 5109810
12600000 2400000 4640870
12600000 2700000 4213428
12600000 3000000 3928270
12600000 3300000 3965603
12600000 3600000 3999472
12600000 3900000 3792643
12600000 4200000 3806314
12600000 4500000 3835870
12600000 4800000 4261556
12600000 5100000 4551848
12600000 5400000 4897546
12600000 5700000 5195686
12600000 6000000 4633000
12600000 6300000 4281455
12600000 6600000 4170267
12600000 6900000 4045035
12600000 7200000 3751460
12600000 7500000 3268436
12600000 7800000 3168158
12600000 8100000 3073498
12600000 8400000 2872767
12600000 8700000 2640891
12600000 9000000 2708525
12600000 9300000 2623987
12600000 9600000 2409972
12600000 9900000 2104821
12600000 10200000 2380224
12600000 10500000 2713350
12600000 10800000 3931756
12600000 11100000 4350169
12600000 11400000 4329749
12600000 11700000 4020092
12600000 12000000 3406325
12600000 12300000 4208728
12600000 12600000 4118436
