# title: Liss 1 2.

# Generated with the "Modeler's Little Helper" by Tom Davis <davis@sgi.com>.
# (I found this code on Silicon Graphics Totally Insane CD.)  Basically, it's
# a worm wrapped around a sphere, with self-intersections.
#
# --Ernst <mucke@cs.uiuc.edu>

# [n = 4200, int coordinates]
-1109870 -6882 -15246
-1109870 6881 15244
-1108850 -20646 -45720
-1108850 20645 45719
-1106810 -34408 -76146
-1106810 34407 76143
-1103740 -48165 -106487
-1103740 48165 106486
-1099660 -61919 -136717
-1099660 61918 136715
-1095470 -56056 9586
-1095470 56055 -9588
-1095120 -69780 -20429
-1095120 69779 20428
-1094810 -42331 39601
-1094810 42330 -39602
-1094560 -75667 -166798
-1094560 75666 166796
-1093770 -83502 -50415
-1093770 83502 50413
-1093140 -28607 69581
-1093140 28606 -69583
-1091420 -97221 -80335
-1091420 97220 80334
-1090460 -14885 99494
-1090460 14884 -99496
-1088450 -89406 -196698
-1088450 89406 196697
-1088060 -110937 -110163
-1088060 110936 110162
-1086780 -1166 129308
-1086780 1165 -129309
-1083710 -124646 -139864
-1083710 124645 139862
-1082090 -12549 -158993
-1082090 12548 158991
-1081340 -103137 -226384
-1081340 103136 226382
-1078360 -138348 -169403
-1078360 138348 169402
-1076410 -26258 -188512
-1076410 26257 188510
-1073230 -116857 -255823
-1073230 116856 255821
-1072020 -152042 -198750
-1072020 152042 198748
-1069730 -39960 -217832
-1069730 39959 217830
-1064700 -165726 -227873
-1064700 165726 227871
-1064120 -130563 -284982
-1064120 130563 284980
-1062060 -53653 -246921
-1062060 53652 246919
-1056400 -179399 -256739
-1056400 179398 256737
-1055640 -105630 -486
-1055640 105630 485
-1055450 -92014 28241
-1055450 92013 -28243
-1054860 -119245 -29198
-1054860 119244 29196
-1054310 -78397 56954
-1054310 78397 -56956
-1054030 -144256 -313827
-1054030 144255 313825
-1053400 -67336 -275746
-1053400 67336 275744
-1053110 -132856 -57861
-1053110 132856 57860
-1052190 -64781 85621
-1052190 64781 -85622
-1050410 -146466 -86448
-1050410 146465 86446
-1049120 -51167 114209
-1049120 51166 -114211
-1047140 -193059 -285315
-1047140 193058 285314
-1046759 -160071 -114925
-1046759 160070 114923
-1045080 -37555 142686
-1045080 37555 -142687
-1043770 -81008 -304273
-1043770 81007 304272
-1042960 -157936 -342332
-1042960 157935 342331
-1042149 -173671 -143261
-1042149 173671 143259
-1040079 -23946 171022
-1040079 23945 -171024
-1036910 -206708 -313578
-1036910 206708 313576
-1036600 -187265 -171425
-1036600 187264 171423
-1034119 -10341 199184
-1034119 10340 -199186
-1033160 -94666 -332469
-1033160 94665 332468
-1030920 -171600 -370461
-1030920 171599 370460
-1030110 -200852 -199385
-1030110 200851 199384
-1027199 -3258 -227142
-1027199 3257 227141
-1025730 220343 341489
-1025720 -220343 -341491
-1022680 -214430 -227113
-1022680 214430 227111
-1021590 -108312 -360308
-1021590 108312 360306
-1019339 -16851 -254859
-1019339 16850 254857
-1017919 -185247 -398180
-1017919 185246 398179
-1014330 -227999 -254575
-1014330 227999 254574
-1013600 -233963 -369020
-1013600 233962 369019
-1010540 -30436 -282304
-1010540 30435 282302
-1009069 -121944 -387752
-1009069 121943 387751
-1005060 -241561 -281750
-1005060 241560 281748
-1003970 -198874 -425455
-1003970 198873 425453
-1000969 -118590 8764
-1000969 118589 -8765
-1000799 44011 309443
-1000790 -44012 -309445
-1000550 -105122 35720
-1000550 105121 -35722
-1000540 -247564 -396136
-1000540 247563 396134
-1000480 -132057 -18181
-1000480 132056 18180
-999224 -91653 62656
-999224 91652 -62657
-999091 145522 45085
-999090 -145522 -45087
-996992 -78185 89540
-996992 78184 -89542
-996800 -158987 -71925
-996800 158987 71924
-995599 135558 414766
-995598 -135559 -414767
-994877 255112 308601
-994876 -255112 -308603
-993853 -64718 116343
-993853 64717 -116345
-993612 172450 98663
-993611 -172451 -98665
-990125 57576 336247
-990124 -57577 -336248
-989810 -51252 143034
-989809 51251 -143035
-989531 -185911 -125276
-989531 185910 125275
-989087 212478 452251
-989086 -212479 -452253
-986561 261146 422803
-986560 -261147 -422804
-984863 -37787 169583
-984862 37786 -169585
-984563 199367 151727
-984562 -199368 -151728
-983795 -268653 -335102
-983795 268653 335101
-981198 149155 441318
-981197 -149156 -441319
-979015 -24325 195960
-979015 24324 -195962
-978713 212820 177992
-978712 -212821 -177993
-978531 -71134 -362689
-978531 71133 362687
-973279 226061 478540
-973278 -226062 -478541
-972271 -10865 222132
-972271 10865 -222133
-971988 -226270 -204041
-971988 226269 204040
-971825 282181 361216
-971824 -282181 -361218
-971672 274709 448994
-971671 -274710 -448995
-966025 -84680 -388730
-966025 84679 388728
-965877 162731 467374
-965876 -162732 -467375
-964637 2589 248068
-964636 -2590 -248070
-964396 -239714 -229843
-964396 239713 229842
-958975 -295695 -386920
-958975 295695 386919
-956562 239620 504287
-956560 -239621 -504287
-956116 -16041 -273739
-956116 16041 273738
-955944 253155 255375
-955943 -253156 -255376
-955888 288250 474675
-955887 -288251 -474677
-952618 -98213 -414337
-952618 98213 414336
-949649 -176287 -492903
-949649 176286 492902
-946717 -29487 -299110
-946717 29487 299109
-946640 266592 280608
-946639 -266593 -280610
-945767 -105186 4845
-945767 105186 -4846
-945468 -91866 30019
-945468 91865 -30020
-945259 -309195 -412180
-945259 309194 412179
-945218 -118506 -20316
-945218 118505 20314
-944320 -78545 55177
-944320 78545 -55178
-943823 -131826 -45435
-943823 131825 45434
-942323 -65225 80289
-942323 65225 -80290
-941586 -145146 -70487
-941586 145146 70485
-939478 -51905 105327
-939478 51904 -105328
-939222 301769 499817
-939221 -301770 -499818
-938949 253154 529459
-938948 -253155 -529461
-938509 -158467 -95440
-938509 158466 95439
-938323 111731 439477
-938322 -111732 -439479
-936494 -280024 -305513
-936494 280024 305512
-936448 42927 324150
-936447 -42927 -324151
-935786 -38586 130259
-935786 38585 -130260
-934598 -171787 -120267
-934598 171787 120266
-932530 189818 517866
-932529 -189819 -517868
-931248 -25266 155061
-931248 25265 -155063
-930690 322678 436966
-930689 -322679 -436968
-929857 185106 144938
-929856 -185107 -144940
-925869 -11946 179700
-925868 11945 -179702
-925518 293448 330056
-925517 -293449 -330058
-925313 -56364 -348837
-925313 56363 348835
-924292 198426 169427
-924291 -198427 -169428
-923150 125234 464119
-923149 -125235 -464120
-921680 -315271 -524399
-921680 315270 524398
-920448 266667 554036
-920447 -266668 -554037
-919651 -1374 -204148
-919651 1373 204147
-917910 -211746 -193706
-917910 211745 193705
-915280 336145 461252
-915279 -336146 -461254
-914533 203326 542237
-914532 -203327 -542238
-913722 -306867 -354216
-913722 306866 354215
-913325 69793 373131
-913324 -69794 -373133
-912600 -14693 -228374
-912600 14692 228372
-910719 -225064 -217746
-910719 225064 217744
-907115 138721 488229
-907114 -138721 -488230
-904968 -55799 12665
-904968 55799 -12667
-904824 -69011 -11194
-904824 69011 11193
-904723 28010 252346
-904722 -28011 -252347
-904305 -42588 36522
-904305 42587 -36523
-903874 -82224 -35030
-903874 82223 35028
-903286 328747 548377
-903285 -328748 -548378
-902836 -29376 60346
-902836 29375 -60347
-902726 -238385 -241524
-902726 238384 241523
-902122 95435 58811
-902121 -95436 -58812
-901118 -320277 -377961
-901118 320276 377960
-901083 280153 577973
-901082 -280153 -577974
-900561 -16163 84110
-900561 16163 -84112
-900494 -83217 -397006
-900494 83216 397005
-899568 108650 82516
-899567 -108651 -82517
-899035 -349602 -485020
-899035 349602 485019
-897481 -2951 107786
-897481 2950 -107787
-896216 -121867 -106116
-896216 121866 106114
-896025 41326 276037
-896024 -41327 -276039
-895668 216815 565990
-895667 -216816 -565991
-893939 -251705 -265012
-893939 251705 265011
-893599 -10263 -131347
-893599 10263 131346
-892072 -135085 -129577
-892072 135084 129576
-890232 152188 511776
-890231 -152189 -511777
-889901 -6586 -11690
-889901 6585 11689
-889110 -19758 -35056
-889110 19758 35055
-888918 -23479 -154764
-888918 23479 154762
-887719 333678 401263
-887718 -333679 -401265
-887529 -32931 -58381
-887529 32930 58379
-887140 148304 152875
-887139 -148305 -152877
-886833 -96631 -420425
-886833 96630 420424
-886515 54641 299418
-886514 -54642 -299419
-885159 -46104 -81634
-885159 46104 81633
-884370 -265027 -288181
-884370 265027 288180
-884055 342198 571723
-884054 -342199 -571724
-883442 -36697 -178006
-883442 36696 178005
-882003 -59280 -104794
-882003 59280 104793
-881978 363040 508225
-881977 -363041 -508227
-881426 161525 175985
-881425 -161526 -175986
-880871 293610 601239
-880870 -293610 -601240
-878065 72457 127828
-878064 -72458 -127829
-877177 49915 201046
-877176 -49916 -201048
-876199 -67958 -322463
-876199 67957 322462
-875959 230278 589083
-875958 -230278 -589084
-874937 174749 198877
-874936 -174750 -198878
-874029 278347 311003
-874028 -278348 -311005
-873537 347072 424099
-873536 -347073 -424100
-873348 85638 150710
-873347 -85638 -150711
-872518 165637 534726
-872516 -165638 -534727
-872355 110036 443358
-872354 -110036 -443359
-870127 -63136 -223859
-870127 63135 223858
-867857 -98821 -173414
-867857 98820 173413
-867681 187975 221523
-867680 -187976 -221525
-865088 -81274 -345140
-865088 81273 345138
-864123 376460 530845
-864122 -376460 -530845
-864005 355623 594404
-864004 -355624 -594405
-862927 291667 333454
-862926 -291668 -333455
-862301 -76358 -246412
-862301 76358 246411
-861600 -112006 -195909
-861600 112006 195908
-859832 307037 623800
-859831 -307037 -623801
-859664 -201207 -243905
-859664 201207 243904
-858580 360462 446449
-858579 -360463 -446450
-857072 -123431 -465777
-857072 123430 465776
-855424 243713 611483
-855423 -243713 -611484
-854582 -125195 -218170
-854582 125194 218168
-853980 179072 557059
-853979 -179073 -557059
-853706 -89582 -268679
-853706 89581 268677
-853193 -94587 -367417
-853193 94587 367416
-851076 304986 355506
-851075 -304987 -355507
-850897 214442 265989
-850896 -214443 -265990
-846812 -138386 -240167
-846812 138385 240166
-845486 -389861 -552847
-845486 389860 552846
-844349 102811 290634
-844348 -102811 -290635
-843153 369021 616391
-843152 -369021 -616392
-842867 -373843 -468278
-842867 373843 468277
-841390 227682 287751
-841389 -227682 -287752
-841002 136814 487646
-841001 -136815 -487648
-840527 107898 389264
-840526 -107899 -389265
-838489 318304 377134
-838488 -318305 -377136
-838297 151583 261880
-838296 -151584 -261880
-837983 320433 645626
-837982 -320434 -645627
-834645 192486 578731
-834644 -192487 -578732
-834240 116043 312250
-834239 -116044 -312252
-834085 257120 633158
-834084 -257120 -633159
-831154 240924 309162
-831153 -240925 -309164
-829045 -164787 -283281
-829045 164786 283280
-827102 121207 410654
-827101 -121208 -410655
-826415 387214 489557
-826414 -387214 -489558
-826085 403240 574202
-826084 -403241 -574203
-825179 -331621 -398313
-825179 331620 398312
-824160 150186 508939
-824159 -150187 -508939
-823390 129278 333497
-823389 -129279 -333498
-821520 382390 637651
-821519 -382391 -637652
-820200 254170 330199
-820199 -254170 -330200
-819069 -177995 -304339
-819069 177994 304338
-815348 333798 666684
-815347 -333799 -666685
-814533 205878 599711
-814532 -205878 -599712
-812931 -134513 -431558
-812931 134513 431557
-811961 270497 654075
-811960 -270498 -654076
-811811 142515 354346
-811810 -142516 -354348
-811154 -344942 -419025
-811154 344941 419024
-809238 400574 510260
-809237 -400574 -510262
-808541 -267421 -350835
-808541 267421 350834
-808380 -191207 -325028
-808380 191206 325027
-806554 -163552 -529634
-806554 163552 529634
-805938 416599 594883
-805937 -416600 -594883
-799516 -155756 -374771
-799516 155755 374770
-799125 395731 658154
-799124 -395731 -658154
-798031 147814 451944
-798030 -147815 -451945
-796990 204423 345322
-796989 -204424 -345323
-796435 358261 439236
-796434 -358261 -439237
-796191 -280675 -371045
-796191 280674 371043
-793663 219247 619969
-793662 -219247 -619970
-791947 347131 686941
-791945 -347131 -686942
-791353 413923 530364
-791352 -413923 -530365
-789076 283844 674202
-789075 -283844 -674203
-788212 -176905 -549690
-788212 176904 549689
-786518 -168998 -394743
-786518 168998 394742
-785063 429937 614859
-785062 -429937 -614860
-784912 217645 365196
-784911 -217646 -365196
-783164 293931 390801
-783163 -293932 -390802
-782417 161112 471786
-782416 -161113 -471787
-781035 -371579 -458924
-781035 371578 458923
-775989 409042 677868
-775988 -409042 -677869
-772833 182242 414235
-772832 -182243 -414236
-772778 427260 549839
-772777 -427260 -549839
-772160 230872 384623
-772159 -230873 -384624
-772059 232592 639472
-772058 -232592 -639473
-769466 -307199 -410093
-769466 307199 410093
-769153 -190243 -569078
-769153 190243 569077
-767803 360431 706366
-767802 -360431 -706367
-766099 174412 491064
-766098 -174412 -491065
-765453 297160 693508
-765451 -297160 -693509
-764973 384893 478060
-764972 -384894 -478061
-763480 443252 634103
-763479 -443253 -634104
-758748 244104 403579
-758747 -244105 -403580
-758475 195488 433221
-758474 -195489 -433223
-755121 -320470 -428885
-755121 320469 428884
-753530 440584 568658
-753529 -440584 -568659
-752135 422323 696764
-752134 -422323 -696764
-749743 -245913 -658192
-749743 245912 658191
-749398 203566 587768
-749397 -203567 -587769
-749102 187707 509741
-749101 -187707 -509742
-748263 -398206 -496624
-748263 398206 496624
-744686 -257347 -422048
-744686 257347 422047
-743454 208743 451685
-743453 -208744 -451685
-742942 373697 724927
-742941 -373697 -724928
-741209 456544 652585
-741208 -456545 -652586
-741116 310444 711961
-741115 -310444 -711962
-740144 333743 447151
-740143 -333744 -447152
-733628 453894 586798
-733627 -453895 -586799
-731445 -200997 -527790
-731445 200996 527790
-730925 411514 514588
-730924 -411515 -514588
-729997 270594 439994
-729996 -270595 -439995
-728969 216875 605732
-728968 -216875 -605733
-727794 222000 469590
-727793 -222000 -469590
-727579 435578 714815
-727578 -435579 -714816
-726742 259207 676095
-726741 -259207 -676096
-724551 -347021 -464872
-724551 347021 464871
-718265 469817 670282
-718264 -469818 -670283
-717381 386934 742598
-717380 -386935 -742599
-716094 323695 729530
-716093 -323696 -729530
-714697 283847 457396
-714696 -283847 -457396
-713150 214280 545183
-713149 -214281 -545184
-713092 467191 604230
-713091 -467191 -604230
-712975 424818 531931
-712974 -424819 -531932
-711513 -235258 -486912
-711513 235258 486912
-708361 -360301 -482022
-708361 360301 482021
-707890 230167 622941
-707889 -230167 -622942
-703079 272475 693154
-703078 -272475 -693154
-702348 448805 731987
-702347 -448806 -731988
-698805 297103 474229
-698804 -297104 -474229
-694672 483068 687162
-694671 -483069 -687162
-694632 248517 503625
-694631 -248517 -503625
-694432 -438118 -548628
-694432 438118 548628
-694237 227557 561894
-694236 -227558 -561895
-691935 480476 620934
-691933 -480477 -620934
-691592 -373583 -498578
-691592 373583 498578
-691150 400140 759345
-691149 -400140 -759346
-690404 336919 746189
-690403 -336919 -746190
-686186 243441 639367
-686185 -243442 -639368
-682339 310364 490470
-682338 -310365 -490471
-678784 285716 709338
-678783 -285717 -709338
-677169 261776 519705
-677168 -261776 -519706
-676471 462002 748247
-676470 -462003 -748248
-675317 -451411 -564655
-675317 451410 564654
-674730 240827 577897
-674729 -240828 -577898
-674264 386866 514518
-674263 -386866 -514518
-670458 496296 703192
-670457 -496296 -703192
-670180 493748 636880
-670179 -493749 -636881
-665321 323628 506096
-665320 -323629 -506097
-664281 413312 775133
-664280 -413313 -775134
-664079 350112 761905
-664078 -350112 -761906
-663883 256697 654983
-663882 -256699 -654984
-659148 -275037 -535130
-659148 275036 535129
-656395 400149 529820
-656394 -400149 -529821
-655643 464700 579992
-655642 -464700 -579993
-654653 254087 593167
-654652 -254089 -593167
-653876 298934 724624
-653875 -298934 -724625
-649978 475169 763564
-649976 -475170 -763564
-647854 507003 652039
-647852 -507004 -652040
-647770 336894 521085
-647769 -336895 -521086
-645649 509498 718342
-645648 -509499 -718343
-641009 269935 669762
-641008 -269936 -669763
-640592 288294 549872
-640591 -288295 -549873
-638007 -413431 -544463
-638007 413431 544462
-637155 363272 776646
-637153 -363273 -776647
-636806 426452 789932
-636804 -426452 -789933
-635434 477983 594615
-635433 -477983 -594615
-634031 -267341 -607678
-634031 267341 607678
-629708 350162 535415
-629707 -350162 -535416
-628390 312126 738982
-628389 -312126 -738982
-624979 520240 666385
-624978 -520240 -666386
-622896 488306 777905
-622894 -488307 -777906
-621523 301551 563913
-621522 -301551 -563913
-620270 522676 732584
-620268 -522676 -732585
-619115 426715 558427
-619114 -426716 -558428
-617585 283157 683682
-617584 -283158 -683683
-614714 491256 608497
-614713 -491257 -608497
-612892 280582 621406
-612891 -280583 -621407
-611159 363429 549065
-611158 -363430 -549065
-609662 376400 790382
-609661 -376400 -790383
-608754 439559 803710
-608753 -439559 -803711
-602360 325289 752380
-602358 -325290 -752381
-601966 314803 577228
-601965 -314804 -577229
-601580 533459 679891
-601579 -533460 -679891
-599744 439997 571691
-599743 -439998 -571691
-595255 501414 791242
-595253 -501415 -791243
-594348 535829 745888
-594346 -535830 -745889
-593643 -296361 -696717
-593643 296361 696716
-593506 504518 621614
-593505 -504518 -621615
-592138 376699 562017
-592137 -376700 -562018
-591255 293817 634334
-591254 -293817 -634334
-581941 328055 589801
-581940 -328056 -589802
-581635 389495 803084
-581634 -389496 -803085
-580160 452634 816438
-580159 -452635 -816439
-579919 453274 584230
-579918 -453274 -584231
-577682 546658 692529
-577681 -546658 -692530
-575820 338425 764793
-575819 -338425 -764794
-572673 -389969 -574251
-572673 389969 574251
-571835 517765 633944
-571834 -517765 -633944
-569220 309542 708837
-569219 -309543 -708838
-569151 307040 646434
-569150 -307041 -646435
-567914 548957 758224
-567912 -548958 -758225
-567088 514493 803543
-567087 -514494 -803544
-561476 341303 601609
-561475 -341304 -601609
-559664 466542 596025
-559663 -466543 -596026
-553314 559835 704273
-553312 -559836 -704274
-553109 402559 814725
-553107 -402560 -814726
-552792 403233 585743
-552791 -403234 -585744
-551059 465678 828086
-551057 -465679 -828086
-549724 530998 645462
-549723 -530999 -645463
-548804 351531 776195
-548803 -351531 -776196
-546615 320250 657685
-546614 -320251 -657686
-544347 322702 720022
-544346 -322702 -720023
-540997 562059 769564
-540995 -562060 -769564
-540602 354543 612630
-540601 -354544 -612630
-539004 479801 607055
-539003 -479801 -607055
-538429 527544 814778
-538427 -527545 -814778
-532520 416490 596475
-532519 -416491 -596476
-528501 572990 715097
-528500 -572991 -715098
-527201 544212 656146
-527199 -544213 -656147
-524120 415592 825277
-524119 -415593 -825278
-523676 -333444 -668066
-523676 333444 668065
-521485 478693 838624
-521483 -478694 -838625
-521348 364608 786562
-521347 -364608 -786563
-519348 367773 622844
-519347 -367774 -622844
-519059 335837 730249
-519058 -335838 -730249
-517964 493046 617299
-517962 -493047 -617300
-513629 575137 779876
-513628 -575138 -779877
-511885 429737 606429
-511884 -429738 -606429
-509310 -540570 -824916
-509310 540569 824916
-504290 557407 665973
-504289 -557408 -665973
-503274 -586122 -724974
-503274 586122 724974
-500370 346620 677555
-500368 -346620 -677555
-497744 380990 632234
-497743 -380990 -632234
-496571 506275 626738
-496570 -506275 -626739
-494707 428595 834714
-494705 -428596 -834714
-493491 377655 795869
-493489 -377656 -795870
-493390 348948 739495
-493389 -348949 -739496
-491478 491680 848025
-491477 -491680 -848025
-490913 442972 615586
-490911 -442972 -615587
-485846 588190 789133
-485845 -588190 -789133
-481022 570579 674919
-481021 -570579 -674919
-479774 -553568 -833929
-479774 553568 833929
-477666 599228 733875
-477665 -599229 -733875
-476725 359776 686136
-476724 -359777 -686137
-475818 394191 640782
-475817 -394192 -640783
-474852 519486 635353
-474851 -519487 -635354
-469633 456189 623930
-469631 -456190 -623930
-467378 362033 747742
-467376 -362034 -747742
-465268 390674 804094
-465267 -390675 -804095
-464908 441569 843010
-464907 -441570 -843010
-461078 504640 856259
-461077 -504640 -856259
-457683 601218 797305
-457682 -601218 -797305
-457426 -583726 -682962
-457426 583726 682961
-453603 407375 648473
-453602 -407375 -648473
-452834 -532674 -643125
-452834 532674 643125
-452778 372911 693791
-452776 -372912 -693792
-451708 -612309 -741776
-451708 612309 741776
-449856 566542 841786
-449855 -566543 -841786
-448073 469388 631443
-448072 -469389 -631443
-441058 375091 754970
-441056 -375092 -754970
-436721 403664 811216
-436720 -403665 -811216
-434766 -454516 -850141
-434766 454515 850141
-433533 -596844 -690078
-433533 596844 690078
-431130 420537 655290
-431129 -420538 -655290
-430550 545836 650034
-430549 -545836 -650034
-430325 -517575 -863300
-430325 517574 863300
-429178 614220 804363
-429177 -614221 -804363
-428562 386022 700504
-428561 -386023 -700504
-426264 -482564 -638111
-426264 482564 638110
-425436 625361 748649
-425435 -625362 -748649
-419598 579493 848459
-419597 -579494 -848459
-414468 -388122 -761162
-414468 388122 761162
-409376 609931 696245
-409375 -609932 -696245
-408432 433674 661219
-408431 -433675 -661219
-408028 558967 656063
-408027 -558967 -656063
-407890 416625 817214
-407889 -416626 -817214
-404323 -467435 -856083
-404323 467434 856083
-404238 -495712 -643916
-404238 495711 643916
-404114 399106 706259
-404113 -399107 -706259
-400370 -627199 -810280
-400370 627199 810280
-399264 530486 869121
-399263 -530486 -869122
-398887 638385 754469
-398886 -638385 -754469
-389042 -592423 -853920
-389042 592423 853920
-387650 -401123 -766300
-387650 401123 766300
-385542 446783 666247
-385541 -446783 -666247
-385300 -572064 -661193
-385300 572064 661193
-384989 622984 701442
-384988 -622984 -701442
-382026 508827 648846
-382025 -508827 -648846
-379470 -412161 -711042
-379470 412161 711042
-379076 -941489 -296815
-379076 941490 296813
-378818 429558 822068
-378817 -429558 -822068
-378625 -930321 -333384
-378625 930321 333382
-377219 -876450 -314994
-377219 876451 314992
-377134 -887406 -279110
-377134 887407 279108
-376611 -952434 -259880
-376610 952435 259879
-375418 -918930 -369483
-375418 918930 369483
-374630 -865273 -350447
-374630 865273 350447
-374220 -898139 -242894
-374220 898140 242893
-373624 480328 860813
-373623 -480329 -860814
-372100 651378 759210
-372099 -651378 -759210
-371304 -640153 -815027
-371304 640153 815027
-371072 -963098 -222888
-371072 963099 222886
-369630 -907377 -404843
-369630 907377 404842
-369532 -853929 -385209
-369532 853929 385208
-368330 -908595 -206639
-368329 908595 206637
-367938 -543376 -873697
-367938 543375 873697
-362495 -459860 -670360
-362495 459859 670360
-362401 -585123 -665408
-362401 585122 665408
-362289 -973472 -185996
-362288 973473 185994
-362060 -842403 -419262
-362060 842403 419261
-361403 -895643 -439441
-361403 895643 439441
-360643 414093 770370
-360642 -414093 -770370
-360409 -635999 -705647
-360409 635999 705647
-359660 521907 652885
-359659 -521907 -652886
-359297 -918765 -170493
-359296 918766 170491
-358236 -605332 -858142
-358236 605332 858142
-354668 -425184 -714841
-354668 425184 714841
-352384 -830747 -452389
-352384 830746 452391
-352318 -988971 -313298
-352318 988972 313296
-351406 -978026 -348401
-351406 978027 348400
-350915 -883784 -473056
-350914 883783 473057
-350402 -999671 -277880
-350402 999671 277879
-350142 -983485 -149607
-350141 983485 149605
-349548 442461 825762
-349547 -442462 -825762
-347814 -966840 -383080
-347814 966840 383080
-347566 -830850 -298158
-347566 830850 298157
-347013 -841214 -264928
-347013 841214 264926
-347009 -928582 -134840
-347009 928582 134838
-345661 -820244 -331071
-345661 820244 331071
-345512 -1010070 -242452
-345512 1010070 242450
-345116 664338 762847
-345115 -664338 -762847
-343871 -851335 -231471
-343871 851335 231470
-342712 -493199 -864311
-342712 493198 864311
-342023 -653083 -818578
-342023 653083 818578
-341708 -955472 -417066
-341708 955472 417066
-341439 -809449 -363425
-341439 809449 363425
-340635 -818958 -484552
-340635 818957 484553
-339365 -598137 -668690
-339365 598137 668690
-339326 472899 673548
-339325 -472899 -673548
-338303 -871796 -505642
-338302 871796 505644
-338020 -861162 -198058
-338020 861162 198056
-337495 -1020149 -207177
-337494 1020149 207175
-337175 -534945 -656022
-337175 534945 656022
-336397 556245 877003
-336396 -556246 -877003
-335675 648972 708839
-335674 -648973 -708839
-335016 798451 395198
-335015 -798451 -395198
-334484 -993108 -113979
-334483 993109 113977
-333488 427031 773358
-333487 -427031 -773358
-333220 -943907 -450329
-333220 943907 450329
-331322 -938021 -99922
-331321 938021 99920
-329746 438172 717644
-329745 -438172 -717644
-329321 -870688 -164821
-329320 870688 164819
-327225 618222 861098
-327224 -618223 -861098
-326937 -807040 -515691
-326936 807040 515691
-326538 -787300 -426188
-326538 787299 426189
-326246 -1029849 -172449
-326245 1029849 172448
-323696 -859685 -537144
-323696 859685 537144
-322524 -932200 -482648
-322524 932200 482649
-320124 -455337 -828277
-320124 455337 828277
-317980 677264 765357
-317979 -677264 -765357
-317687 -879849 -132106
-317686 879849 132104
-316230 611103 671024
-316229 -611103 -671024
-316121 -775993 -456351
-316121 775993 456352
-316071 485897 675798
-316070 -485898 -675799
-315236 -1002270 -79538
-315235 1002270 79536
-314607 547937 658242
-314606 -547937 -658242
-312575 665988 820907
-312574 -665988 -820908
-312156 -947017 -66145
-312155 947017 66144
-311638 -1039130 -138527
-311638 -506046 -866555
-311638 506044 866555
-311637 1039130 138525
-311459 -795039 -545656
-311458 795039 545656
-310827 661901 710997
-310826 -661901 -710997
-309749 -920350 -513974
-309749 920350 513974
-307274 -847496 -567402
-307274 847496 567403
-306227 439935 775250
-306226 -439936 -775250
-304743 451121 719439
-304742 -451122 -719439
-304687 569097 879014
-304686 -569098 -879014
-304031 -1017130 -324142
-304031 1017130 324140
-303874 -764535 -485632
-303873 764535 485632
-303000 -888625 -100125
-302999 888625 100123
-302856 -1006780 -356022
-302856 1006780 356020
-302617 -1027190 -292068
-302617 1027190 292067
-299214 -996164 -387594
-299214 996164 387594
-298500 -1036920 -260088
-298499 1036920 260085
-297610 -805737 -287388
-297610 805738 287387
-296783 -815289 -258067
-296783 815289 258066
-296274 -795909 -316549
-296274 795909 316549
-296061 631094 862763
-296060 -631095 -862763
-295021 -908363 -544241
-295021 908363 544242
-294304 -782944 -574443
-294304 782944 574441
-293696 -824562 -228673
-293696 824563 228672
-293615 -1047920 -105826
-293614 1047920 105824
-293246 -985327 -418603
-293246 985327 418603
-293032 -624016 -672393
-293032 624016 672393
-292879 -785856 -345328
-292879 785856 345328
-292767 -498850 -677103
-292767 498850 677103
-292365 -1010910 -46736
-292365 1010910 46735
-291991 560877 659535
-291990 -560877 -659535
-291559 -1046290 -228359
-291558 1046290 228357
-290736 690153 766717
-290735 -690154 -766717
-290594 -468184 -829598
-290594 468183 829598
-289946 -752969 -513881
-289946 752969 513883
-289473 -955503 -33937
-289472 955503 33936
-289144 -835220 -596415
-289144 835220 596414
-288265 -833509 -199445
-288264 833509 199443
-287516 -775565 -373699
-287516 775565 373699
-285907 674780 712104
-285906 -674781 -712104
-285200 -896957 -69235
-285199 896957 69233
-285064 -974261 -449009
-285064 974261 449009
-283008 678868 821990
-283007 -678869 -821990
-281723 -1055240 -197247
-281723 1055240 197246
-280448 518871 867526
-280447 -518872 -867526
-280393 -842122 -170500
-280393 842122 170498
-280302 -765085 -401471
-280302 765084 401472
-279699 -464029 -720218
-279699 464029 720218
-278904 452804 776035
-278903 -452805 -776035
-278515 -896285 -573295
-278515 896285 573296
-275582 -770759 -602016
-275582 770759 602016
-274819 -963022 -478598
-274819 963022 478599
-274432 741287 541096
-274431 -741287 -541097
-272862 581933 879710
-272861 -581933 -879710
-272166 -1056160 -74779
-272165 1056160 74778
-271329 -754414 -428598
-271329 754414 428599
-270032 -850343 -142137
-270032 850344 142136
-269814 636870 672785
-269813 -636870 -672785
-269453 511752 677451
-269452 -511752 -677451
-269419 -822861 -624144
-269419 822861 624144
-269365 -573760 -659889
-269365 573759 659889
-268906 -1063740 -166990
-268906 1063740 166988
-265872 -1018950 -16024
-265872 1018950 16024
-264793 643950 863113
-264792 -643950 -863113
-264263 -904786 -39811
-264262 904787 39810
-263435 703004 766904
-263434 -703004 -766904
-263260 -963410 -3729
-263260 963410 3729
-262625 -951609 -507312
-262625 951609 507313
-261002 -481002 -829711
-261002 481002 829711
-260961 687607 712141
-260960 -687608 -712141
-260687 -743558 -455020
-260687 743558 455020
-260334 -884107 -601126
-260334 884108 601125
-257427 -729492 -567237
-257427 729492 567237
-257106 -858155 -114531
-257104 858156 114530
-255407 -758496 -628329
-255407 758497 628328
-254655 476891 719971
-254654 -476892 -719971
-253376 691724 821802
-253375 -691724 -821802
-253085 -1071730 -137963
-253085 1071730 137962
-251562 465636 775702
-251560 -465637 -775702
-249194 -531677 -867206
-249194 531677 867206
-248595 -940031 -535082
-248594 940031 535083
-248502 -732559 -480596
-248502 732559 480596
-248222 -810430 -650542
-248222 810430 650542
-247317 -1063780 -45819
-247316 1063780 45819
-247152 -1018420 -326442
-247152 1018420 326441
-246769 586579 659296
-246768 -586579 -659295
-246616 649660 672186
-246615 -649660 -672186
-246166 -524598 -676836
-246166 524598 676836
-246059 -1027630 -298644
-246059 1027630 298643
-245984 1008890 354202
-245983 -1008890 -354203
-242641 -999044 -381816
-242641 999044 381816
-242630 -1036459 -271070
-242630 1036459 271069
-241591 -865507 -87979
-241590 865507 87978
-240972 594754 879067
-240971 -594755 -879067
-240738 -807842 -285570
-240738 807842 285569
-240591 -871835 -627693
-240591 871835 627692
-240182 -912055 -12227
-240182 912055 12227
-239904 -816578 -260368
-239904 816579 260366
-239701 -798790 -310771
-239701 798790 310771
-239036 -717596 -592255
-239036 717596 592255
-237231 -988942 -409043
-237231 988942 409042
-237138 -824995 -235249
-237138 824995 235248
-236864 -789472 -335767
-236864 789472 335767
-236789 -1044890 -243867
-236789 1044890 243866
-236127 715814 765899
-236126 -715814 -765899
-236035 700378 711091
-236034 -700378 -711091
-235833 1026289 -12096
-235832 -1026289 12096
-234852 721411 505310
-234851 -721410 -505312
-234287 -1079130 -110552
-234286 1079130 110551
-233941 -746192 -653288
-233941 746192 653288
-233577 -970653 23996
-233577 970652 -23995
-233479 656790 862124
-233478 -656790 -862124
-232886 -928332 -561756
-232886 928332 561756
-232396 -833046 -210427
-232395 833046 210426
-232289 -779877 -360524
-232289 779877 360524
-231400 493792 828602
-231399 -493792 -828602
-229837 -978573 -435834
-229837 978573 435834
-229652 489705 718692
-229651 -489705 -718692
-228505 -1052870 -217356
-228504 1052870 217354
-226065 -770054 -384862
-226065 770054 384863
-225720 797966 675515
-225719 -797966 -675516
-225623 -840722 -186008
-225623 840723 186007
-224247 478429 774242
-224246 -478429 -774242
-224244 599330 657745
-224243 -599330 -657745
-223733 704554 820321
-223731 -704554 -820321
-223491 -872351 -62784
-223490 872351 62783
-223482 662381 670583
-223481 -662382 -670583
-222948 537383 675250
-222947 -537384 -675250
-220582 -967991 -461989
-220582 967991 461990
-219819 -710116 -529126
-219819 710116 529126
-219405 -859481 -652944
-219405 705634 616059
-219405 859482 652943
-219404 -705634 -616060
-219169 -1070690 -19414
-219169 1070690 19414
-218262 -760003 -408728
-218262 760003 408729
-217928 544464 865578
-217926 -544464 -865578
-217738 -1060370 -191741
-217738 1060370 191739
-216814 -847971 -162245
-216813 847972 162244
-215594 -916507 -587314
-215594 916507 587313
-213008 918688 -13094
-213007 -918689 13095
-212567 -1085900 -85129
-212567 1085900 85129
-211239 -733825 -676928
-211239 733825 676928
-211181 713087 708940
-211180 -713087 -708940
-209558 -957199 -487443
-209558 957198 487443
-209075 607562 877067
-209074 -607563 -877067
-208949 -749731 -432058
-208949 749730 432058
-208866 728581 763683
-208865 -728581 -763683
-205938 -854777 -139282
-205937 854777 139281
-204733 502465 716373
-204732 -502465 -716373
-204509 -1067320 -167340
-204509 1067320 167339
-203495 -698687 -551988
-203495 698687 551987
-202821 -878640 -39242
-202821 878640 39241
-202460 -1032829 37071
-202460 1032829 -37071
-202173 669615 859775
-202172 -669615 -859775
-201972 -785447 -699098
-201972 785447 699098
-201834 506553 826259
-201833 -506553 -826259
-201831 612006 655230
-201830 -612006 -655230
-200609 -977120 48691
-200609 977120 -48692
-200460 675028 667968
-200459 -675028 -667968
-199840 550102 672688
-199839 -550103 -672687
-198584 -693588 -638679
-198584 693588 638679
-198230 -739278 -454716
-198230 739278 454716
-197005 491180 771646
-197004 -491181 -771646
-196944 847084 676785
-196943 -847083 -676786
-196922 -992494 -319582
-196922 992494 319580
-196856 -946203 -512121
-196856 946203 512121
-196821 -904561 -611710
-196821 904561 611710
-196028 -983776 -343433
-196028 983776 343432
-195884 -1000850 -295846
-195884 1000850 295845
-194136 717358 817528
-194135 -717358 -817528
-193253 -974710 -367294
-193253 974710 367294
-193014 -861095 -117357
-193013 861095 117356
-192875 -1008799 -272457
-192875 1008799 272456
-192188 -836600 -293190
-192188 836600 293189
-191616 -844736 -271212
-191616 844737 271211
-191101 -828113 -315285
-191101 828113 315285
-189353 -852517 -249437
-189353 852517 249436
-188878 -1073670 -144468
-188877 1073670 144468
-188671 -965349 -390946
-188671 965349 390945
-188402 -819326 -337305
-188402 819326 337304
-188053 1091960 62093
-188052 -1091960 -62093
-187956 -1076800 3925
-187956 1076800 -3925
-187861 -1016330 -249546
-187861 1016330 249545
-187406 -721405 -699221
-187406 721405 699220
-186703 557232 862626
-186702 -557232 -862626
-186449 -725730 -705676
-186449 725730 705676
-186170 728641 476676
-186169 -728640 -476677
-186006 687160 573805
-186005 -687160 -573806
-185383 -859896 -228063
-185383 859897 228062
-184133 -810232 -359204
-184133 810232 359204
-182899 -924593 35673
-182899 924593 -35673
-182614 -935051 -535876
-182614 935051 535876
-182338 955687 414335
-182337 -955687 -414335
-181708 -741301 -760240
-181708 741301 760240
-180850 -1023369 -227386
-180849 1023369 227385
-179942 -515169 -713010
-179942 515167 713010
-179687 -866864 -207190
-179687 866864 207189
-179636 884321 17685
-179635 -884322 -17684
-179575 -624602 -651744
-179575 624601 651744
-178360 -800876 -380811
-178360 800876 380812
-178082 -866887 -96701
-178081 866887 96700
-177596 -687594 -664331
-177596 687594 664331
-177226 620358 873690
-177224 -620359 -873690
-177088 772883 721260
-177087 -772882 -721261
-176884 562749 669144
-176882 -562750 -669144
-176679 892507 634889
-176678 -892507 -634890
-176669 681465 660083
-176668 -681465 -660084
-174346 -945776 -437272
-174346 945776 437273
-173265 -834621 -699248
-173265 834621 699248
-172836 -717823 -497896
-172836 717823 497895
-172358 519285 822671
-172357 -519285 -822671
-172291 -873369 -187043
-172291 873369 187042
-171845 -1029900 -206148
-171844 1029900 206146
-171138 -791262 -402066
-171138 791262 402067
-170936 682425 856047
-170935 -682425 -856047
-170933 -1079380 -123422
-170933 1079380 123422
-169883 503888 767908
-169882 -503889 -767908
-167398 675516 594600
-167397 -675516 -594600
-166912 923737 558678
-166911 -923737 -558679
-166801 -946301 -305399
-166801 946302 305398
-166375 -938175 -326598
-166375 938176 326597
-166052 -1038450 58379
-166052 1038450 -58379
-165535 -954049 -284423
-165535 954049 284422
-164969 -884305 -308207
-164969 884305 308206
-164859 -892218 -287695
-164859 892219 287694
-164767 -935620 -459689
-164766 935619 459690
-164645 -730134 -813403
-164645 730134 813403
-164623 -982692 69836
-164623 982692 -69836
-164285 -929681 -347918
-164285 929681 347918
-163497 -876023 -328882
-163497 876023 328882
-163206 -879394 -167745
-163205 879395 167744
-163145 -899754 -267436
-163145 899754 267435
-162566 -961369 -263876
-162566 961370 263875
-162534 708937 720147
-162533 -708936 -720148
-162522 -781399 -422899
-162522 781398 422899
-161894 -738304 -701286
-161894 738304 701286
-161187 -872120 -77534
-161187 872120 77534
-160983 -1097240 -41864
-160983 1097240 41864
-160900 -1035870 -186085
-160900 1035870 186084
-160578 -920869 -369162
-160578 920869 369162
-160480 -867421 -349528
-160480 867421 349528
-159823 -906866 -247627
-159823 906866 247625
-158307 -706838 -518316
-158307 706838 518316
-157885 -968249 -243874
-157885 968249 243873
-157522 -637110 -647283
-157522 637110 647283
-155950 -858495 -370092
-155950 858495 370092
-155575 569983 858336
-155573 -569984 -858336
-155324 527810 708598
-155324 880383 656759
-155323 -880383 -656759
-155323 -527811 -708598
-155293 -911736 -390272
-155293 911736 390271
-154942 -700073 -659665
-154942 700073 659665
-154894 -913542 -228371
-154893 913542 228370
-154713 -753972 -755555
-154713 753972 755555
-154124 575319 664616
-154123 -575320 -664616
-154075 -889325 1504
-154075 889325 -1504
-153985 -1082000 23737
-153985 1082000 -23737
-153744 669272 680253
-153743 -669271 -680253
-153670 -925227 -481509
-153670 925226 481509
-152601 -771326 -443176
-152601 771326 443176
-152485 -884902 -149494
-152485 884902 149493
-151528 -974633 -224652
-151527 974633 224651
-151165 760278 741987
-151164 -760278 -741988
-150820 -1084400 -104505
-150820 1084400 104505
-150081 -929667 55038
-150081 929667 -55038
-149969 -849292 -390404
-149969 849292 390405
-149838 -912268 -580480
-149838 912268 580479
-148500 -902329 -411070
-148500 902329 411071
-148478 -822104 -720299
-148478 822104 720299
-148395 -919730 -209885
-148395 919730 209885
-148106 -1041230 -167441
-148106 1041230 167441
-147753 -663764 -614337
-147753 663764 614337
-145485 633143 868919
-145484 -633143 -868919
-143522 -980499 -206350
-143522 980500 206349
-143021 531987 817828
-143020 -531987 -817828
-142930 516549 763020
-142928 -516551 -763020
-142694 695720 537848
-142693 -695720 -537848
-142585 -839816 -410397
-142585 839816 410398
-142403 -876760 -60096
-142403 876760 60096
-141429 -761040 -462865
-141429 761040 462864
-141170 -914641 -502588
-141170 914641 502588
-140360 -925412 -192294
-140360 925412 192293
-140253 -892655 -431489
-140253 892654 431489
-140203 -889858 -132473
-140202 889858 132473
-139831 -695221 -850920
-139830 695221 850920
-137574 -750802 -695763
-137574 750802 695764
-136717 696427 739694
-136716 -696427 -739695
-135719 -649526 -641845
-135719 649526 641845
-135323 -742881 -807931
-135323 742881 807931
-133944 -985806 -189174
-133944 985807 189174
-133847 -830076 -429997
-133847 830076 429997
-133572 -1045970 -150437
-133572 1045970 150437
-132811 -868171 -677338
-132811 868171 677338
-132549 -712461 -653967
-132549 712461 653967
-131656 -1101670 -24807
-131656 1101670 24807
-131606 -587806 -659101
-131606 587806 659101
-131491 900657 601218
-131490 -900657 -601218
-130925 540387 703135
-130924 -540387 -703135
-130864 -930550 -175781
-130864 930550 175781
-130607 -882721 -451449
-130607 882721 451449
-129894 657015 699169
-129893 -657014 -699170
-129065 -750548 -481913
-129065 750548 481913
-128768 -1088680 -88029
-128768 1088680 88029
-127943 -766591 -749616
-127943 766591 749617
-127332 903861 522893
-127331 -903861 -522895
-127149 651911 632993
-127148 -651911 -632993
-127025 1043020 -75534
-127023 -1043020 75534
-126437 -894241 -116845
-126437 894241 116845
-126321 -893581 17950
-126321 893581 -17950
-126036 -684452 -556501
-126036 684452 556501
-126004 987236 -86923
-126003 -987237 86923
-124601 582717 852695
-124600 -582717 -852695
-124301 747641 761263
-124300 -747640 -761264
-123842 -820114 -449069
-123842 820114 449069
-122896 -990518 -173315
-122896 990518 173315
-122681 809539 739920
-122680 -809538 -739921
-121861 -880766 -44660
-121861 880766 44660
-120003 -935111 -160516
-120003 935111 160516
-119658 -872572 -470816
-119657 872572 470816
-117669 1086190 -39606
-117668 -1086190 39607
-117448 -1050030 -135285
-117448 1050030 135285
-116194 -529164 -756979
-116194 529164 756980
-115580 -739863 -500262
-115580 739863 500262
-114882 933795 -70722
-114881 -933795 70722
-114215 -661842 -635427
-114215 661842 635427
-113914 -645917 -862738
-113914 645917 862738
-113880 544658 811722
-113879 -544658 -811722
-113548 763221 689102
-113547 -763221 -689102
-112620 809928 467576
-112619 -809927 -467576
-112230 -892892 -542369
-112230 892892 542369
-112011 -888943 -620801
-112011 888943 620801
-111287 898030 102776
-111286 -898030 -102776
-110493 -994612 -158935
-110493 994612 158935
-110473 -724751 -647235
-110473 724751 647235
-110057 683888 757839
-110056 -683888 -757840
-109377 -600204 -652599
-109377 600204 652599
-109244 -855881 -696593
-109244 855881 696592
-108920 -708002 -844379
-108920 708002 844379
-108407 673046 574238
-108406 -673046 -574238
-107882 -939076 -146639
-107882 939076 146639
-107459 -862203 -489549
-107459 862204 489548
-106792 -552893 -696618
-106792 552893 696618
-106237 -755598 -801096
-106237 755598 801096
-105661 639964 650546
-105660 -639963 -650547
-105214 644707 716808
-105213 -644706 -716809
-105046 -1092190 -74247
-105046 1092190 74247
-101462 779154 742415
-101461 -779154 -742415
-101073 -729019 -517821
-101073 729020 517821
-100445 1105190 11232
-100444 -1105190 -11232
-100237 -799523 -485462
-100237 799523 485461
-99944 -1053410 -122199
-99944 1053410 122198
-99712 -884104 -31490
-99712 884104 31490
-96878 -998070 -146186
-96878 998070 146186
-96637 897012 -31272
-96636 -897012 31272
-96605 734982 779068
-96604 -734982 -779068
-95973 796933 758096
-95971 -796932 -758097
-95949 -881749 -560950
-95949 881749 560950
-94887 -901209 -90450
-94887 901209 90450
-94623 -942433 -134287
-94623 942433 134287
-94075 -851624 -507590
-94075 851624 507590
-93840 -595433 -845691
-93840 595433 845691
-93062 -674053 -628033
-93062 674053 628033
-91449 -877108 -639239
-91449 877108 639239
-89877 775554 681299
-89876 -775554 -681299
-89875 661507 591031
-89874 -661506 -591032
-89728 -541726 -749781
-89728 541726 749781
-88770 -736936 -639470
-88770 736936 639470
-87484 -612508 -645111
-87484 612507 645111
-86763 -788914 -502663
-86763 788914 502663
-85904 -1046400 88116
-85904 1046400 -88116
-85581 -718002 -534591
-85581 718002 534591
-85258 -990615 99501
-85258 990615 -99501
-84987 -557297 -804346
-84987 557297 804346
-84716 843520 714501
-84715 -843519 -714501
-83373 627936 666970
-83372 -627935 -666970
-82973 -565325 -689048
-82973 565325 689048
-82642 671326 774577
-82641 -671325 -774578
-82577 -658681 -855134
-82577 658681 855134
-82234 -1000890 -135217
-82234 1000890 135217
-81287 -1056110 -111335
-81287 1056110 111335
-80383 -945177 -123596
-80383 945177 123596
-79967 1094920 63361
-79966 -1094920 -63360
-79784 632353 733163
-79783 -632352 -733164
-79578 840848 524877
-79577 -840848 -524877
-79506 -1089270 51192
-79506 1089270 -51192
-78612 -870468 -578547
-78612 870469 578547
-78272 720767 836409
-78271 -720768 -836409
-77743 -936860 82295
-77743 936860 -82295
-77454 768281 792889
-77453 -768281 -792888
-77383 -903776 -80034
-77383 903776 80034
-76160 886743 20856
-76159 -886743 -20856
-75337 791656 733944
-75336 -791656 -733944
-72313 -686151 -619665
-72313 686151 619665
-72297 -778137 -519092
-72297 778137 519090
-70510 649844 606853
-70508 -649843 -606854
-69897 -865162 -656494
-69897 865163 656494
-69172 -706822 -550532
-69172 706823 550532
-68462 784298 774806
-68461 -784297 -774806
-68168 722308 795397
-68167 -722308 -795398
-67781 -1107740 -1379
-67781 1107740 1378
-67500 749011 630676
-67499 -749011 -630676
-66745 -1003080 -126134
-66745 1003080 126134
-66627 787796 672355
-66626 -787796 -672355
-65980 -624711 -636640
-65980 624710 636640
-65373 -899539 41109
-65373 899539 -41109
-65316 -947325 -114677
-65316 947325 114677
-64076 829911 541319
-64075 -829911 -541319
-63583 -554234 -741423
-63583 554234 741423
-63354 -608133 -837313
-63354 608133 837313
-61723 1058130 102811
-61722 -1058130 -102811
-60360 -615832 -682252
-60360 615833 682252
-60262 -859036 -595160
-60262 859036 595160
-59519 -577677 -680424
-59519 577677 680424
-59323 831095 731042
-59322 -831094 -731043
-58935 -905740 -71695
-58935 905740 71695
-56874 -767176 -534741
-56874 767176 534741
-56402 -569902 -795692
-56402 569902 795692
-54533 658734 789918
-54532 -658734 -789918
-53869 -1096850 -55509
-53869 1096850 55509
-53660 -619949 -748239
-53660 619949 748239
-52023 698131 610331
-52022 -698131 -610331
-51910 695488 565611
-51909 -695487 -565612
-51541 -671433 -846093
-51541 671433 846093
-51460 -888653 -13021
-51460 888653 13021
-50600 -1004690 -119012
-50600 1004690 119012
-50387 -638069 -621677
-50387 638069 621677
-49639 804093 724201
-49638 -804094 -724200
-49580 -948912 -107623
-49580 948912 107623
-49046 780929 783299
-49045 -780929 -783299
-47957 733516 826999
-47956 -733516 -826999
-47607 -818798 -556911
-47607 818798 556911
-47443 853115 672539
-47442 -853115 -672539
-46722 -760968 -620860
-46722 760968 620860
-44915 -636807 -627191
-44915 636806 627191
-43864 -799941 -662274
-43864 799941 662274
-43327 -1048489 95802
-43326 1048489 -95802
-43017 -992703 107207
-43016 992703 -107207
-41498 -1059530 -96695
-41498 1059530 96695
-40982 847462 610747
-40981 -847462 -610748
-40563 -756044 -549570
-40563 756044 549570
-40241 771640 790044
-40240 -771640 -790045
-40077 -1091160 58242
-40076 1091160 -58242
-39735 -907119 -65592
-39735 907119 65592
-39231 -938751 89400
-39230 938751 -89400
-39056 -709614 -810263
-39056 709614 810263
-37813 -566684 -731904
-37813 566684 731904
-36672 -603651 -696393
-36672 603651 696393
-36483 -589945 -670750
-36483 589945 670751
-34137 -1109280 4591
-34136 1109280 -4591
-33983 -1005770 -113902
-33983 1005770 113902
-33860 684006 579799
-33859 -684005 -579800
-33338 -949988 -102517
-33338 949988 102517
-33207 -620814 -827553
-33207 620814 827553
-33169 818620 746195
-33168 -818620 -746196
-32982 -901090 47153
-32981 901090 -47153
-32248 -709985 -600040
-32248 709985 600040
-30244 -807522 -571611
-30244 807522 571610
-29575 -626191 -635485
-29575 626191 635484
-28182 -582473 -785757
-28182 582473 785757
-27100 -1098000 -50775
-27100 1098000 50774
-26913 -607499 -762031
-26913 607499 762030
-26500 -772801 -610033
-26500 772801 610033
-25945 -889810 -8212
-25944 889810 8212
-25807 646117 803859
-25806 -646116 -803860
-24441 816461 713186
-24440 -816461 -713185
-24344 648790 616772
-24343 -648790 -616772
-24173 840975 687350
-24171 -840974 -687351
-23427 744748 563544
-23426 -744748 -563545
-21657 -811983 -651064
-21657 811982 651064
-21087 -793537 -772321
-21087 793537 772321
-20875 684174 835606
-20874 -684174 -835606
-20851 -1060340 -93021
-20851 1060340 93021
-20848 835755 625279
-20847 -835754 -625279
-20005 -907934 -61863
-20005 907934 61863
-18049 746246 816139
-18048 -746246 -816139
-17064 -1006389 -110828
-17064 1006389 110828
-16755 -950606 -99423
-16754 950606 99423
-15095 672392 593066
-15094 -672392 -593067
-13918 -602124 -660031
-13918 602124 660031
-13048 -721707 -588805
-13048 721707 588805
-12475 -579073 -721224
-12475 579073 721224
-12373 591397 709386
-12372 -591397 -709386
-12057 -796089 -585384
-12057 796090 585384
-11377 -758955 -803822
-11377 758955 803822
-9349 -696901 -823665
-9349 696902 823664
-8121 614208 648273
-8120 -614208 -648273
-6884 -784511 -598202
-6884 784511 598202
-6344 806102 759953
-6343 -806102 -759953
-5532 733298 576633
-5531 -733297 -576633
-4321 -660654 -605393
-4321 660653 605393
-3464 633475 816404
-3463 -633476 -816404
-390 595006 774537
-389 -595006 -774537
-183 828754 700902
-182 -828753 -700903
-61 -823923 -638727
-61 823923 638728
0 -1109800 6590
0 -1098390 -49193
0 -1091800 60608
0 -1060610 -91796
0 -1049190 98387
0 -1006590 -109802
0 -993409 109802
0 -950806 -98387
0 -939391 91796
0 -908204 -60608
0 -901613 49193
0 -890198 -6590
0 890198 6590
0 901613 -49193
0 908204 60608
0 939391 -91796
0 950806 98387
0 993409 -109802
0 1006590 109802
0 1049190 -98387
0 1060610 91796
0 1091800 -60608
0 1098390 49193
0 1109800 -6590
60 823924 638727
61 -823923 -638727
182 828753 700903
183 -828754 -700903
389 595006 774537
390 -595006 -774537
3463 633476 816403
3465 -633475 -816404
4321 -660653 -605393
4321 660654 605393
5531 -733297 -576633
5531 733297 576634
6343 806102 759953
6344 -806102 -759953
6883 784511 598202
6884 -784511 -598202
8120 -614208 -648273
8120 614208 648273
9348 696901 823665
9349 -696901 -823664
11376 758955 803822
11377 -758955 -803822
12056 796089 585385
12057 -796090 -585384
12372 591396 709386
12373 -591397 -709386
12475 579073 721224
12476 -579072 -721225
13047 721707 588804
13048 -721707 -588805
13917 602124 660031
13918 -602124 -660031
15094 -672392 -593067
15094 672391 593067
16755 -950606 -99423
16755 950606 99423
17064 -1006389 -110828
17064 1006389 110828
18047 746246 816138
18048 -746246 -816139
20005 -907934 -61863
20005 907934 61863
20847 -835755 -625279
20847 835754 625280
20851 -1060340 -93021
20851 1060340 93021
20874 684174 835606
20875 -684174 -835606
21087 -793537 -772321
21087 793537 772321
21656 811983 651064
21657 -811982 -651064
23426 744748 563545
23427 -744748 -563544
24171 840974 687351
24172 -840974 -687350
24343 648790 616772
24344 -648790 -616772
24440 816461 713185
24441 -816461 -713186
25805 646116 803860
25806 -646116 -803860
25944 -889810 -8212
25944 889810 8212
26499 772801 610033
26500 -772801 -610033
26912 607499 762031
26913 -607499 -762031
27100 -1098000 -50775
27100 1098000 50775
28181 582473 785756
28183 -582473 -785757
29575 -626191 -635484
29575 626191 635485
30243 807521 571611
30244 -807522 -571611
32248 -709985 -600040
32248 709985 600040
32981 -901090 47153
32981 901090 -47153
33168 -818620 -746196
33168 818620 746196
33206 620814 827553
33207 -620813 -827553
33337 -949988 -102517
33338 949988 102517
33859 -684006 -579800
33859 684005 579800
33983 -1005779 -113902
33983 1005770 113902
34137 -1109280 4591
34137 1109280 -4591
36482 589946 670750
36484 -589945 -670751
36672 -603651 -696393
36672 603651 696393
37812 566684 731904
37814 -566684 -731904
39055 709614 810263
39056 -709614 -810263
39230 -938751 89400
39230 938751 -89400
39734 -907119 -65591
39735 907119 65592
40076 -1091160 58242
40076 1091160 -58242
40241 -771640 -790044
40241 771640 790045
40562 756044 549571
40563 -756044 -549570
40980 847461 610748
40981 -847462 -610748
41497 -1059530 -96695
41498 1059530 96695
43017 -992703 107207
43017 992703 -107207
43327 -1048489 95802
43327 1048489 -95802
43864 -799941 -662274
43864 799941 662274
44914 636807 627191
44915 -636806 -627191
46721 760968 620860
46722 -760968 -620860
47442 -853115 -672539
47442 853115 672540
47607 -818799 -556910
47607 818798 556911
47956 733517 826999
47958 -733516 -826999
49045 780929 783298
49046 -780929 -783299
49580 -948912 -107623
49580 948912 107623
49638 804094 724200
49639 -804093 -724201
50386 638069 621678
50387 -638069 -621677
50600 -1004690 -119012
50600 1004690 119012
51460 -888653 -13020
51460 888653 13021
51540 671434 846093
51541 -671433 -846093
51909 695487 565612
51910 -695487 -565611
52022 698131 610331
52023 -698131 -610331
53660 -619949 -748239
53660 619949 748239
53868 -1096850 -55509
53869 1096850 55509
54532 658734 789918
54533 -658734 -789918
56400 569903 795692
56401 -569903 -795692
56874 767177 534741
56875 -767177 -534741
58935 -905740 -71695
58935 905740 71695
59322 -831095 -731043
59322 831094 731043
59518 577678 680424
59520 -577677 -680424
60262 -859036 -595159
60262 859036 595160
60360 -615832 -682252
60360 615832 682252
61722 -1058130 -102811
61722 1058130 102811
63353 -608133 -837313
63353 608133 837312
63581 554234 741423
63582 -554234 -741423
64075 829911 541319
64076 -829911 -541319
65316 -947325 -114677
65316 947325 114677
65372 -899539 41109
65373 899539 -41109
65979 624711 636640
65980 -624710 -636640
66626 787796 672355
66627 -787796 -672355
66745 -1003080 -126134
66745 1003080 126134
67499 -749011 -630676
67499 749011 630676
67780 -1107740 -1378
67781 1107740 1379
68167 722308 795398
68168 -722308 -795397
68461 -784297 -774806
68461 784297 774806
69171 706822 550533
69172 -706823 -550532
69896 865162 656495
69897 -865162 -656494
70508 649843 606855
70509 -649843 -606854
72297 -778137 -519090
72297 778137 519092
72312 686152 619665
72313 -686151 -619665
75336 791656 733944
75337 -791656 -733944
76159 -886743 -20856
76159 886743 20856
77382 -903776 -80034
77383 903776 80035
77453 768282 792888
77454 -768281 -792889
77743 -936860 82296
77743 936860 -82295
78270 720768 836409
78272 -720767 -836409
78612 -870469 -578547
78612 870468 578547
79506 -1089270 51192
79506 1089270 -51192
79577 840848 524877
79578 -840848 -524876
79783 632353 733164
79784 -632353 -733163
79966 -1094920 -63361
79966 1094920 63360
80383 -945177 -123596
80383 945177 123596
81287 -1056110 -111335
81287 1056110 111335
82234 -1000890 -135217
82234 1000890 135217
82575 658681 855133
82576 -658681 -855133
82641 671325 774578
82642 -671326 -774577
82971 565325 689047
82972 -565325 -689047
83372 627935 666970
83373 -627935 -666970
84715 843519 714502
84716 -843520 -714501
84986 557297 804345
84988 -557296 -804346
85257 -990615 99501
85258 990615 -99501
85581 -718003 -534591
85581 718003 534591
85903 -1046400 88117
85904 1046400 -88116
86763 -788914 -502663
86763 788914 502663
87483 612508 645111
87485 -612507 -645111
88769 736937 639470
88770 -736936 -639470
89726 541726 749781
89728 -541726 -749781
89874 661506 591032
89875 -661507 -591031
89876 775554 681299
89877 -775554 -681299
91449 -877108 -639238
91449 877108 639239
93061 674053 628033
93062 -674052 -628033
93839 595434 845690
93840 -595433 -845691
94074 851624 507590
94075 -851624 -507590
94623 -942433 -134286
94623 942433 134287
94887 -901209 -90450
94887 901209 90450
95949 -881749 -560950
95949 881749 560950
95971 796932 758097
95972 -796932 -758097
96603 734982 779068
96604 -734982 -779068
96636 897012 -31272
96637 -897012 31272
96878 -998070 -146186
96878 998070 146186
99712 -884104 -31490
99712 884104 31490
99944 -1053410 -122198
99944 1053410 122199
100237 -799523 -485461
100237 799523 485462
100444 -1105190 -11232
100444 1105190 11232
101073 -729020 -517821
101073 729019 517821
101461 779154 742415
101462 -779153 -742415
105046 -1092190 -74247
105047 1092190 74247
105213 -644706 -716809
105213 644706 716809
105659 639963 650547
105660 -639964 -650546
106236 755598 801096
106237 -755598 -801096
106790 552894 696618
106792 -552893 -696618
107459 -862203 -489549
107459 862203 489549
107882 -939076 -146639
107882 939076 146639
108406 673045 574239
108407 -673046 -574238
108918 708003 844378
108919 -708002 -844379
109243 855880 696594
109244 -855881 -696593
109376 -600204 -652599
109376 600205 652599
110056 -683888 -757840
110056 683888 757840
110472 724751 647235
110474 -724751 -647236
110494 -994612 -158935
110494 994612 158935
111286 -898030 -102775
111286 898030 102776
112011 -888943 -620801
112011 888943 620801
112230 -892892 -542369
112230 892892 542369
112619 -809927 -467576
112619 809927 467577
113547 763221 689102
113548 -763220 -689102
113878 544658 811722
113879 -544658 -811722
113913 645918 862738
113915 -645917 -862738
114214 661842 635427
114216 -661842 -635428
114881 -933795 70722
114881 933795 -70722
115580 -739863 -500260
115580 739863 500262
116193 529165 756979
116194 -529164 -756980
117448 -1050030 -135285
117448 1050030 135285
117668 -1086190 39607
117668 1086190 -39607
119657 872572 470816
119658 -872572 -470816
120003 -935111 -160516
120003 935111 160516
121860 -880766 -44659
121861 880766 44660
122680 809538 739922
122681 -809539 -739921
122896 -990518 -173315
122896 990518 173315
123842 -820115 -449069
123842 820114 449069
124299 747640 761264
124300 -747640 -761264
124599 582718 852695
124600 -582717 -852695
126003 987237 -86923
126004 -987237 86923
126036 -684453 -556500
126036 684453 556501
126321 -893581 17950
126321 893581 -17949
126437 -894241 -116845
126437 894241 116845
127024 -1043020 75534
127024 1043020 -75534
127148 -651911 -632993
127148 651911 632994
127331 -903861 -522895
127331 903860 522895
127942 766592 749616
127943 -766591 -749617
128768 -1088680 -88029
128768 1088680 88029
129065 -750548 -481913
129065 750548 481914
129892 657014 699170
129893 -657014 -699169
130607 -882722 -451448
130607 882721 451449
130864 -930550 -175781
130864 930550 175781
130923 540388 703135
130925 -540387 -703135
131491 -900657 -601217
131491 900657 601218
131605 587807 659101
131606 -587806 -659101
131655 -1101670 -24807
131656 1101670 24807
132548 712462 653967
132550 -712461 -653968
132811 868171 677338
132812 -868172 -677337
133572 -1045970 -150437
133572 1045970 150437
133847 -830077 -429996
133847 830077 429996
133944 -985806 -189174
133944 985806 189174
135322 742882 807930
135323 -742881 -807931
135718 649526 641844
135719 -649526 -641845
136715 696426 739695
136716 -696427 -739695
137573 750803 695763
137574 -750802 -695764
139829 695221 850920
139831 -695221 -850920
140202 -889858 -132473
140203 889858 132473
140253 -892655 -431488
140253 892654 431489
140360 -925412 -192294
140360 925412 192294
141170 -914641 -502588
141170 914641 502588
141429 -761040 -462865
141429 761040 462865
142403 -876760 -60096
142403 876760 60096
142585 -839816 -410397
142585 839816 410398
142693 695720 537848
142694 -695720 -537848
142928 516551 763020
142930 -516549 -763020
143019 531987 817828
143021 -531987 -817828
143522 -980499 -206350
143522 980499 206350
145483 633144 868918
145485 -633143 -868919
147752 663764 614338
147753 -663764 -614337
148106 -1041230 -167441
148106 1041230 167441
148395 -919730 -209885
148395 919730 209886
148477 822104 720300
148478 -822104 -720299
148500 -902330 -411070
148500 902329 411070
149837 912268 580480
149838 -912268 -580479
149969 849292 390404
149970 -849292 -390404
150081 -929667 55038
150081 929667 -55037
150819 -1084400 -104505
150820 1084400 104505
151163 760277 741989
151164 -760278 -741988
151527 -974633 -224652
151528 974633 224652
152485 -884902 -149494
152485 884902 149494
152601 771326 443176
152602 -771326 -443176
153670 -925227 -481508
153670 925227 481509
153743 -669272 -680253
153743 669271 680254
153985 -1082000 23737
153986 1082000 -23737
154075 -889325 1504
154075 889325 -1504
154122 575320 664616
154124 -575319 -664616
154712 753973 755555
154713 -753973 -755555
154893 -913542 -228370
154894 913542 228371
154941 -700074 -659665
154941 700074 659665
155293 -911736 -390270
155293 911736 390272
155322 527811 708598
155323 880383 656759
155324 -880383 -656759
155324 -527810 -708598
155572 569984 858336
155574 -569983 -858336
155950 -858496 -370091
155950 858495 370092
157521 637110 647283
157523 -637110 -647283
157885 -968249 -243873
157885 968249 243874
158307 -706838 -518314
158307 706838 518316
159823 -906866 -247627
159823 906866 247627
160480 -867421 -349527
160480 867421 349528
160578 -920869 -369161
160578 920869 369162
160900 -1035870 -186084
160900 1035870 186084
160982 -1097240 -41864
160983 1097240 41864
161187 -872120 -77534
161187 872120 77534
161893 738304 701286
161894 -738304 -701286
162522 781399 422899
162523 -781399 -422898
162533 708936 720149
162534 -708937 -720148
162566 -961369 -263876
162566 961369 263876
163145 -899754 -267436
163145 899754 267436
163206 -879394 -167745
163206 879394 167745
163497 -876023 -328882
163497 876023 328882
164285 -929681 -347918
164285 929681 347919
164623 -982692 69836
164623 982692 -69836
164644 730134 813403
164645 -730134 -813403
164766 935619 459690
164767 -935620 -459689
164859 -892218 -287694
164859 892218 287695
164969 -884305 -308207
164969 884305 308208
165535 -954049 -284423
165535 954049 284423
166052 -1038450 58379
166053 1038450 -58379
166375 -938175 -326597
166375 938175 326598
166801 -946301 -305399
166801 946301 305399
166911 -923737 -558679
166911 923737 558680
167398 -675516 -594599
167398 675516 594600
169882 503889 767908
169885 -503888 -767908
170933 -1079380 -123422
170933 1079380 123422
170934 682426 856046
170936 -682425 -856047
171138 -791262 -402066
171138 791262 402067
171845 -1029900 -206148
171845 1029900 206148
172291 -873369 -187043
172291 873369 187043
172357 519285 822671
172359 -519283 -822671
172835 717823 497896
172836 -717823 -497895
173265 834621 699247
173266 -834621 -699247
174346 -945776 -437271
174346 945776 437272
176668 681464 660084
176669 -681465 -660084
176679 -892507 -634889
176679 892507 634890
176882 562750 669144
176883 -562750 -669144
177086 772882 721262
177087 -772882 -721261
177223 620359 873689
177225 -620358 -873690
177595 687594 664330
177596 -687593 -664331
178081 -866887 -96700
178082 866887 96701
178360 -800876 -380811
178360 800876 380811
179574 624602 651744
179575 -624601 -651744
179635 -884322 -17684
179635 884322 17684
179687 -866864 -207190
179687 866864 207190
179941 515169 713010
179944 -515167 -713010
180850 -1023369 -227386
180850 1023369 227387
181707 741302 760240
181709 -741301 -760240
182337 955687 414335
182338 -955688 -414334
182614 -935051 -535875
182614 935051 535876
182899 -924593 35673
182899 924593 -35673
184133 -810232 -359203
184133 810232 359204
185383 -859896 -228063
185383 859896 228063
186005 687160 573806
186006 -687160 -573805
186169 -728640 -476677
186169 728640 476678
186448 725731 705675
186449 -725730 -705676
186702 557232 862626
186705 -557231 -862626
187405 721404 699221
187406 -721405 -699220
187861 -1016330 -249545
187861 1016330 249546
187955 -1076800 3925
187956 1076800 -3925
188052 -1091960 -62093
188052 1091960 62093
188402 -819327 -337304
188402 819326 337305
188671 -965349 -390945
188671 965349 390946
188877 -1073670 -144468
188878 1073670 144468
189353 -852517 -249437
189353 852517 249437
191101 -828113 -315285
191101 828113 315285
191616 -844737 -271211
191616 844736 271212
192188 -836600 -293190
192188 836599 293190
192875 -1008799 -272457
192875 1008799 272457
193014 -861095 -117356
193014 861095 117357
193253 -974710 -367293
193253 974710 367294
194134 717358 817528
194135 -717358 -817528
195884 -1000850 -295846
195884 1000850 295846
196028 -983776 -343433
196028 983776 343433
196820 904561 611711
196821 -904561 -611710
196856 946203 512120
196857 -946204 -512119
196922 -992494 -319581
196922 992494 319582
196943 847083 676786
196944 -847084 -676786
197005 -491180 -771646
197005 491181 771646
198230 -739278 -454715
198230 739278 454716
198584 693588 638679
198585 -693588 -638678
199839 550103 672687
199841 -550102 -672688
200458 675028 667968
200460 -675028 -667968
200609 -977120 48692
200609 977120 -48691
201830 612007 655229
201831 -612006 -655230
201834 506553 826259
201835 -506553 -826259
201972 785447 699097
201973 -785447 -699097
202171 669616 859775
202173 -669615 -859775
202459 -1032829 37071
202460 1032829 -37071
202821 -878640 -39242
202821 878640 39242
203495 -698688 -551987
203495 698687 551988
204509 -1067320 -167340
204509 1067320 167340
204733 -502465 -716373
204733 502465 716373
205938 -854777 -139282
205938 854777 139283
208864 728581 763683
208866 -728581 -763683
208949 -749731 -432057
208949 749731 432058
209074 607563 877067
209076 -607562 -877067
209558 -957199 -487442
209558 957198 487443
211179 713087 708940
211181 -713087 -708940
211240 -733826 -676927
211240 733825 676928
212567 -1085900 -85129
212567 1085900 85129
213007 -918689 13095
213007 918689 -13095
215593 916507 587314
215594 -916507 -587314
216814 -847972 -162245
216814 847971 162245
217738 -1060370 -191741
217738 1060370 191741
217927 544464 865578
217928 -544463 -865578
218262 -760003 -408728
218262 760003 408729
219168 -1070690 -19413
219169 1070690 19414
219404 705634 616060
219405 -705634 -616059
219405 859481 652943
219406 -859482 -652943
219819 -710116 -529126
219819 710116 529127
220582 -967992 -461988
220582 967991 461989
222948 -537383 -675250
222948 537384 675250
223481 662382 670583
223482 -662381 -670583
223491 -872351 -62783
223491 872351 62784
223731 704555 820321
223732 -704554 -820321
224243 599330 657745
224245 -599329 -657745
224247 478429 774242
224248 -478429 -774242
225623 -840723 -186007
225623 840722 186008
225719 797966 675516
225720 -797966 -675515
226065 -770054 -384861
226065 770054 384862
228505 -1052870 -217355
228505 1052870 217356
229651 489705 718692
229652 -489705 -718692
229837 -978574 -435833
229837 978573 435834
231400 493792 828602
231401 -493792 -828602
232289 -779878 -360523
232289 779877 360524
232396 -833046 -210427
232396 833046 210427
232886 -928332 -561756
232886 928332 561756
233478 656790 862124
233481 -656789 -862124
233576 -970653 23996
233577 970653 -23996
233941 -746192 -653288
233941 746192 653288
234286 -1079130 -110551
234287 1079130 110551
234851 -721410 -505312
234851 721410 505313
235832 -1026289 12097
235832 1026289 -12096
236034 700378 711091
236035 -700378 -711091
236125 715815 765899
236127 -715814 -765899
236789 -1044890 -243866
236789 1044890 243867
236864 -789472 -335767
236864 789471 335768
237138 -824995 -235249
237138 824995 235249
237231 -988942 -409042
237231 988942 409043
239036 717596 592255
239037 -717596 -592254
239701 -798790 -310771
239701 798790 310771
239904 -816579 -260367
239904 816578 260368
240182 -912055 -12227
240182 912055 12227
240590 871835 627693
240591 -871836 -627692
240738 -807842 -285569
240738 807842 285570
240972 594755 879067
240973 -594754 -879067
241591 -865507 -87979
241591 865507 87979
242630 -1036459 -271070
242630 1036459 271070
242641 -999044 -381815
242641 999044 381816
245983 -1008890 -354202
245983 1008890 354203
246059 -1027630 -298644
246059 1027630 298645
246166 524598 676836
246167 -524598 -676836
246615 649661 672186
246617 -649659 -672186
246769 -586579 -659296
246769 586579 659296
247152 -1018420 -326441
247152 1018420 326442
247317 -1063780 -45819
247317 1063780 45819
248222 810430 650542
248223 -810431 -650541
248502 -732559 -480596
248502 732559 480596
248595 -940031 -535081
248595 940031 535082
249194 531677 867206
249195 -531677 -867206
251560 465637 775702
251562 -465636 -775702
253085 -1071730 -137963
253085 1071730 137963
253375 691724 821802
253378 -691723 -821802
254654 476892 719971
254655 -476891 -719971
255407 758497 628329
255408 -758497 -628328
257106 -858155 -114532
257106 858155 114532
257426 729492 567237
257427 -729492 -567237
260332 884107 601127
260334 -884107 -601126
260687 -743559 -455019
260687 743558 455020
260960 687608 712141
260962 -687607 -712141
261002 481002 829711
261004 -481002 -829711
262625 951609 507313
262626 -951610 -507312
263261 -963410 -3729
263261 963410 3729
263434 703004 766904
263437 -703003 -766904
264262 -904787 -39810
264263 904786 39811
264793 643950 863113
264794 -643950 -863113
265872 -1018950 -16025
265872 1018950 16025
268906 -1063740 -166990
268907 1063740 166990
269365 573759 659889
269366 -573759 -659889
269419 -822861 -624144
269419 822861 624145
269452 511752 677451
269453 -511752 -677451
269813 636870 672785
269814 -636870 -672785
270032 -850343 -142136
270032 850343 142137
271329 754414 428599
271330 -754414 -428598
272165 -1056160 -74778
272166 1056160 74779
272861 581933 879710
272862 -581933 -879710
274431 -741287 -541097
274431 741286 541097
274819 -963022 -478597
274819 963022 478598
275581 770759 602016
275582 -770760 -602016
278515 -896285 -573295
278515 896285 573296
278902 452805 776035
278904 -452804 -776035
279698 464030 720218
279699 -464029 -720218
280302 -765085 -401470
280302 765085 401471
280393 -842122 -170499
280393 842122 170499
280447 518872 867526
280449 -518871 -867526
281723 -1055240 -197247
281723 1055240 197247
283008 678868 821990
283009 -678868 -821990
285064 -974262 -449008
285064 974261 449009
285200 -896957 -69234
285200 896957 69235
285906 674781 712104
285907 -674780 -712104
287516 -775566 -373697
287516 775565 373699
288265 -833509 -199444
288265 833509 199445
289143 835220 596416
289144 -835220 -596415
289472 -955503 -33936
289472 955503 33937
289946 752969 513883
289947 -752969 -513881
290592 468184 829598
290594 -468183 -829598
290736 690153 766717
290737 -690153 -766717
291558 -1046290 -228358
291559 1046290 228359
291990 560877 659535
291991 -560876 -659535
292365 -1010910 -46735
292365 1010910 46736
292766 498851 677103
292768 -498850 -677103
292879 -785856 -345328
292879 785856 345328
293032 624016 672393
293033 -624015 -672393
293246 -985327 -418603
293246 985326 418603
293615 -1047920 -105825
293615 1047920 105825
293696 -824562 -228673
293696 824562 228673
294303 782944 574443
294304 -782944 -574443
295021 908363 544241
295022 -908363 -544240
296060 631095 862763
296061 -631094 -862763
296274 -795909 -316549
296274 795909 316549
296783 -815289 -258067
296783 815289 258068
297610 -805737 -287388
297610 805737 287389
298499 -1036920 -260087
298500 1036920 260088
299214 -996164 -387593
299214 996163 387594
302617 -1027190 -292068
302617 1027190 292069
302856 -1006780 -356021
302856 1006780 356022
303000 -888625 -100125
303000 888625 100125
303874 -764535 -485630
303874 764535 485631
304031 -1017130 -324141
304031 1017130 324142
304686 569098 879014
304688 -569097 -879014
304741 451122 719439
304743 -451122 -719439
306225 439936 775250
306226 -439936 -775250
307274 847496 567403
307275 -847496 -567402
309749 -920350 -513974
309749 920350 513974
310826 661901 710997
310827 -661900 -710997
311458 795039 545656
311459 -795039 -545655
311636 506046 866555
311638 -1039130 -138527
311638 -506044 -866555
311638 1039130 138527
312155 -947017 -66145
312156 947017 66145
312575 665988 820907
312576 -665987 -820907
314606 547937 658242
314607 -547937 -658242
315236 -1002270 -79537
315236 1002270 79538
316069 485898 675799
316071 -485898 -675799
316121 -775993 -456351
316121 775993 456352
316229 611103 671024
316230 -611102 -671024
317687 -879849 -132105
317687 879849 132106
317979 677264 765357
317980 -677263 -765357
320122 455338 828277
320124 -455337 -828277
322524 -932200 -482648
322524 932200 482649
323696 859685 537144
323697 -859685 -537142
326245 -1029849 -172449
326246 1029849 172450
326538 -787300 -426187
326538 787300 426188
326937 -807041 -515690
326937 807040 515691
327224 618223 861099
327226 -618222 -861098
329321 -870688 -164820
329321 870688 164820
329746 438172 717644
329747 -438172 -717644
331322 -938021 -99922
331322 938021 99922
333220 943907 450329
333221 -943907 -450328
333487 427031 773358
333488 -427031 -773358
334484 -993108 -113979
334484 993108 113979
335015 798451 395198
335016 -798452 -395197
335674 648973 708839
335676 -648972 -708839
336395 556246 877003
336397 -556245 -877003
337174 534946 656022
337175 -534945 -656022
337494 -1020149 -207175
337495 1020149 207176
338020 -861162 -198058
338020 861162 198058
338302 871796 505644
338303 -871796 -505642
339326 -472899 -673548
339326 472899 673548
339364 598137 668690
339366 -598136 -668690
340635 -818958 -484552
340635 818957 484553
341439 -809449 -363424
341439 809449 363425
341708 -955472 -417066
341708 955472 417066
342022 653083 818578
342024 -653082 -818578
342710 493199 864311
342712 -493198 -864311
343871 -851335 -231471
343871 851335 231472
345115 664338 762848
345117 -664338 -762847
345512 -1010070 -242451
345512 1010070 242452
345661 -820244 -331071
345661 820243 331072
347009 -928582 -134840
347009 928582 134840
347013 -841214 -264927
347013 841214 264928
347566 -830850 -298157
347566 830850 298158
347814 -966840 -383079
347814 966840 383080
349547 442462 825762
349548 -442461 -825762
350142 -983485 -149606
350142 983485 149607
350402 -999671 -277880
350402 999671 277880
350915 -883784 -473055
350915 883784 473056
351406 -978026 -348400
351406 978026 348402
352318 -988971 -313297
352318 988971 313298
352384 -830747 -452389
352384 830747 452390
354668 -425184 -714841
354668 425184 714841
358235 605333 858142
358236 -605332 -858142
359296 -918766 -170492
359297 918765 170492
359660 -521907 -652885
359660 521907 652886
360408 635999 705647
360410 -635998 -705647
360642 -414093 -770370
360642 414093 770370
361403 -895644 -439439
361403 895643 439441
362060 -842403 -419260
362060 842403 419262
362288 -973473 -185995
362288 973473 185996
362399 585123 665408
362401 -585122 -665408
362494 -459860 -670360
362494 459860 670360
367936 543376 873697
367938 -543376 -873697
368329 -908595 -206639
368330 908595 206639
369532 -853929 -385208
369532 853929 385209
369630 -907377 -404842
369630 907377 404843
371072 -963098 -222888
371072 963098 222888
371303 640154 815027
371305 -640153 -815027
372099 651378 759210
372100 -651378 -759210
373623 480329 860814
373624 -480328 -860813
374220 -898139 -242894
374220 898139 242895
374630 -865273 -350446
374630 865272 350447
375418 -918931 -369482
375418 918930 369483
376611 -952434 -259880
376611 952434 259880
377134 -887407 -279109
377134 887406 279110
377219 -876451 -314993
377219 876450 314994
378625 -930321 -333383
378625 930321 333384
378817 -429558 -822068
378817 429558 822068
379076 -941490 -296814
379076 941489 296815
379470 -412161 -711042
379470 412161 711042
382025 -508827 -648846
382025 508827 648846
384987 622985 701442
384989 -622984 -701442
385300 -572064 -661193
385300 572064 661193
385541 446783 666247
385542 -446783 -666247
387650 -401123 -766300
387650 401123 766300
389040 592424 853921
389042 -592423 -853920
398885 638386 754469
398887 -638385 -754469
399263 530486 869121
399264 -530485 -869121
400368 627200 810280
400370 -627199 -810280
404113 -399107 -706259
404113 399107 706259
404238 -495711 -643916
404238 495712 643916
404323 -467435 -856083
404323 467435 856083
407889 416626 817214
407890 -416625 -817214
408027 -558967 -656063
408027 558967 656063
408431 -433675 -661219
408431 433675 661219
409375 609931 696245
409376 -609931 -696245
414468 -388122 -761162
414468 388122 761162
419597 579494 848459
419598 -579493 -848459
425436 -625361 -748649
425436 625362 748649
426264 -482564 -638111
426264 482564 638111
428562 -386022 -700504
428562 386022 700504
429177 614221 804363
429178 -614220 -804363
430324 -517575 -863300
430324 517575 863300
430549 545836 650034
430550 -545836 -650034
431129 420537 655290
431130 -420537 -655290
433532 -596844 -690078
433532 596844 690078
434766 454516 850141
434767 -454515 -850141
436720 -403665 -811216
436720 403665 811216
441057 375092 754970
441058 -375091 -754970
448073 -469388 -631443
448073 469388 631443
449855 -566543 -841786
449855 566543 841786
451707 -612309 -741776
451707 612309 741776
452778 -372911 -693791
452778 372911 693791
452834 -532675 -643125
452834 532675 643125
453603 -407375 -648473
453603 407375 648473
457425 583726 682962
457426 -583726 -682961
457682 -601218 -797305
457682 601218 797305
461077 504640 856259
461078 -504640 -856259
464907 -441570 -843010
464907 441570 843010
465268 -390674 -804094
465268 390675 804095
467378 -362033 -747742
467378 362033 747742
469633 -456190 -623930
469633 456190 623930
474851 519486 635354
474852 -519486 -635353
475818 -394191 -640782
475818 394191 640782
476725 -359776 -686136
476725 359776 686136
477665 599229 733875
477666 -599228 -733875
479773 553568 833929
479774 -553568 -833929
481021 -570579 -674919
481021 570579 674919
485845 588190 789133
485846 -588190 -789133
490913 -442971 -615586
490913 442971 615586
491477 -491680 -848025
491477 491680 848025
493391 -348948 -739495
493391 348948 739495
493491 -377655 -795869
493491 377655 795869
494706 428596 834714
494707 -428595 -834714
496571 -506275 -626738
496571 506275 626738
497743 380990 632234
497744 -380989 -632234
500368 346620 677555
500370 -346619 -677555
503274 -586122 -724974
503274 586122 724974
504290 557407 665973
504291 -557407 -665973
509310 -540570 -824916
509310 540570 824916
511884 429738 606429
511885 -429737 -606429
513628 -575138 -779877
513628 575138 779877
517964 -493046 -617299
517964 493046 617299
519058 335838 730249
519059 -335837 -730248
519348 -367773 -622844
519348 367773 622844
521348 -364608 -786562
521348 364608 786562
521485 478694 838625
521486 -478693 -838624
523676 333444 668065
523678 -333444 -668065
524120 -415592 -825277
524120 415592 825277
527200 -544212 -656146
527200 544212 656146
528500 572990 715098
528501 -572990 -715097
532520 416491 596476
532521 -416490 -596475
538428 527545 814778
538429 -527544 -814777
539003 479801 607055
539005 -479800 -607055
540602 354543 612630
540603 -354543 -612629
540996 562060 769564
540997 -562059 -769563
544347 322702 720022
544348 -322701 -720022
546615 320250 657685
546616 -320250 -657685
548803 351531 776196
548805 -351530 -776195
549724 -530998 -645462
549724 530998 645462
551059 -465678 -828086
551059 465678 828086
552792 403233 585743
552793 -403233 -585743
553109 -402559 -814725
553109 402559 814725
553314 -559835 -704273
553314 559835 704274
559664 -466542 -596025
559664 466543 596026
561474 341305 601610
561476 -341303 -601609
567088 -514493 -803543
567088 514493 803543
567914 -548957 -758224
567914 548957 758224
569149 307042 646435
569151 -307040 -646434
569220 309543 708837
569221 -309542 -708837
571834 517765 633944
571835 -517765 -633943
572672 389970 574252
572674 -389969 -574251
575819 338425 764794
575820 -338424 -764793
577683 -546657 -692529
577683 546657 692529
579919 -453273 -584230
579919 453274 584231
580160 -452634 -816438
580160 452634 816438
581634 389496 803085
581636 -389495 -803084
581939 328056 589802
581941 -328055 -589801
591253 293818 634335
591255 -293816 -634333
592137 376701 562018
592139 -376699 -562017
593506 -504517 -621614
593506 504518 621614
593641 296362 696717
593644 -296361 -696716
594348 -535829 -745888
594348 535829 745888
595255 -501414 -791242
595255 501414 791242
599742 439998 571692
599744 -439997 -571691
601579 533459 679891
601581 -533459 -679890
601965 314804 577229
601967 -314803 -577228
602360 -325289 -752380
602360 325290 752380
608753 439559 803711
608755 -439558 -803710
609661 376400 790382
609662 -376400 -790382
611157 363430 549065
611159 -363429 -549064
612890 280583 621407
612893 -280582 -621406
614714 -491256 -608496
614714 491256 608497
617583 283158 683683
617586 -283157 -683682
619114 426716 558428
619116 -426714 -558427
620269 522676 732585
620270 -522676 -732584
621522 301551 563913
621524 -301550 -563912
622895 488307 777906
622896 -488306 -777905
624978 520240 666385
624979 -520240 -666385
628387 312127 738983
628390 -312126 -738981
629707 350163 535416
629709 -350161 -535414
634030 267341 607679
634033 -267340 -607677
635432 477984 594616
635434 -477983 -594615
636805 426452 789932
636806 -426452 -789932
637154 363272 776646
637155 -363272 -776646
638006 413432 544463
638008 -413430 -544462
640590 288296 549874
640593 -288294 -549872
641008 269936 669763
641010 -269935 -669761
645648 509499 718343
645649 -509498 -718342
647768 336896 521086
647771 -336894 -521084
647853 507003 652039
647854 -507003 -652039
649977 475170 763564
649978 -475169 -763563
653874 298935 724625
653877 -298933 -724624
654651 254089 593168
654654 -254087 -593166
655642 464701 579993
655644 -464699 -579991
656394 400149 529821
656396 -400148 -529819
659147 275037 535130
659149 -275036 -535129
663882 256699 654984
663884 -256697 -654982
664077 350113 761907
664079 -350112 -761905
664281 413312 775133
664282 -413312 -775133
665319 323629 506097
665321 -323628 -506096
670178 493749 636881
670180 -493748 -636880
670458 496296 703192
670459 -496295 -703191
674262 386867 514518
674265 -386865 -514517
674728 240828 577899
674730 -240827 -577897
675316 451411 564655
675318 -451410 -564653
676471 462002 748247
676472 -462002 -748247
677168 261778 519707
677170 -261776 -519705
678782 285717 709339
678784 -285716 -709337
682338 310365 490471
682339 -310364 -490470
686184 243443 639369
686187 -243441 -639367
690402 336920 746190
690405 -336918 -746189
691147 400141 759347
691150 -400140 -759345
691591 373584 498579
691593 -373582 -498577
691933 480477 620935
691935 -480476 -620933
694235 227558 561896
694237 -227557 -561894
694431 438118 548628
694433 -438117 -548627
694630 248518 503626
694632 -248517 -503625
694670 483070 687163
694672 -483068 -687162
698803 297105 474230
698805 -297103 -474229
702345 448807 731989
702348 -448805 -731987
703078 272476 693154
703080 -272474 -693153
707888 230168 622943
707891 -230167 -622941
708360 360302 482023
708362 -360300 -482021
711512 235259 486913
711514 -235257 -486911
712973 424820 531933
712976 -424818 -531930
713090 467192 604231
713093 -467190 -604229
713148 214281 545185
713150 -214280 -545183
714696 283848 457397
714697 -283846 -457395
716092 323696 729531
716095 -323695 -729529
717379 386935 742600
717382 -386934 -742598
718263 469818 670284
718265 -469817 -670282
724550 347022 464873
724552 -347020 -464871
726739 259208 676096
726743 -259206 -676094
727577 435579 714816
727579 -435578 -714814
727793 222000 469591
727794 -221999 -469589
728967 216876 605734
728969 -216875 -605732
729996 270595 439995
729997 -270594 -439993
730923 411515 514590
730925 -411514 -514588
731444 200997 527791
731446 -200996 -527789
733627 453895 586799
733629 -453894 -586797
740143 333744 447153
740144 -333743 -447151
741115 310444 711962
741118 -310443 -711960
741208 456545 652587
741210 -456544 -652585
742941 373698 724928
742943 -373697 -724927
743453 208744 451685
743455 -208743 -451684
744686 257347 422047
744687 -257346 -422046
748262 398207 496625
748264 -398205 -496623
749101 187707 509742
749102 -187706 -509741
749396 203568 587770
749398 -203566 -587768
749742 245913 658193
749744 -245912 -658191
752133 422324 696765
752136 -422323 -696763
753528 440585 568660
753531 -440583 -568658
755121 320470 428885
755122 -320469 -428883
758473 195490 433224
758475 -195488 -433221
758746 244105 403581
758748 -244103 -403579
763479 443253 634104
763481 -443251 -634102
764971 384895 478062
764973 -384893 -478060
765450 297161 693510
765454 -297159 -693507
766099 174412 491064
766100 -174411 -491063
767802 360431 706367
767804 -360430 -706365
769152 190244 569079
769154 -190242 -569077
769466 307199 410093
769467 -307198 -410092
772057 232593 639474
772059 -232592 -639472
772159 230873 384624
772160 -230871 -384622
772776 427261 549840
772778 -427259 -549838
772832 182243 414236
772834 -182241 -414234
775988 409043 677869
775990 -409041 -677867
781034 371579 458925
781036 -371578 -458923
782415 161114 471788
782418 -161112 -471785
783162 293933 390804
783164 -293931 -390801
784911 217646 365197
784912 -217645 -365195
785061 429938 614861
785064 -429936 -614858
786518 168999 394744
786519 -168997 -394742
788211 176905 549690
788213 -176904 -549689
789074 283845 674204
789076 -283844 -674202
791352 413924 530366
791354 -413922 -530364
791944 347132 686943
791948 -347130 -686940
793661 219248 619971
793664 -219247 -619969
796191 280675 371044
796192 -280673 -371042
796434 358261 439237
796435 -358261 -439236
796989 204424 345323
796991 -204422 -345320
798030 147815 451945
798032 -147814 -451943
799122 395732 658155
799126 -395730 -658153
799515 155756 374772
799517 -155754 -374769
805936 416600 594884
805939 -416599 -594882
806554 163552 529634
806555 -163551 -529633
808379 191207 325029
808381 -191206 -325026
808540 267422 350836
808542 -267420 -350834
809236 400575 510263
809238 -400574 -510260
811154 344942 419025
811155 -344941 -419023
811810 142516 354348
811812 -142515 -354346
811959 270498 654077
811961 -270497 -654074
812930 134513 431559
812932 -134512 -431556
814531 205879 599713
814533 -205878 -599711
815346 333799 666686
815348 -333798 -666683
819069 177995 304339
819070 -177993 -304337
820199 254170 330200
820201 -254168 -330197
821518 382391 637653
821520 -382390 -637650
823389 129279 333498
823390 -129277 -333496
824158 150188 508942
824160 -150186 -508939
825178 331622 398315
825180 -331620 -398312
826084 403241 574204
826086 -403240 -574202
826414 387215 489559
826415 -387213 -489556
827101 121208 410655
827103 -121206 -410652
829045 -164786 -283280
829045 164787 283281
831153 240925 309164
831154 -240924 -309162
834083 257121 633160
834085 -257119 -633157
834239 -116043 -312251
834239 116044 312252
834644 192487 578732
834645 -192486 -578730
837981 320435 645628
837984 -320433 -645626
838296 151584 261880
838297 -151583 -261880
838488 318305 377135
838490 -318303 -377133
840526 107899 389265
840528 -107898 -389263
841001 136815 487647
841003 -136813 -487645
841389 227682 287752
841390 -227681 -287750
842867 373844 468279
842868 -373843 -468277
843151 369022 616393
843153 -369021 -616390
844348 102812 290636
844349 -102811 -290634
845484 389861 552848
845486 -389860 -552846
846812 138386 240167
846813 -138385 -240165
850897 -214442 -265989
850897 214443 265990
851075 304987 355508
851076 -304986 -355506
853193 94587 367417
853194 -94586 -367415
853706 89582 268679
853707 -89581 -268676
853979 179073 557059
853981 -179072 -557057
854582 -125194 -218168
854582 125194 218169
855423 243714 611485
855425 -243712 -611483
857071 123431 465777
857073 -123430 -465775
858579 360462 446450
858580 -360461 -446448
859663 201207 243905
859664 -201206 -243904
859829 307038 623803
859832 -307037 -623800
861600 -112005 -195908
861600 112006 195909
862301 -76357 -246411
862301 76358 246411
862926 291668 333455
862928 -291666 -333452
864003 355624 594406
864005 -355623 -594404
864121 376461 530846
864123 -376459 -530844
865088 -81273 -345139
865088 81274 345140
867680 187976 221525
867681 -187974 -221522
867857 -98821 -173414
867857 98822 173415
870127 -63135 -223857
870127 63136 223859
872354 110036 443359
872356 -110034 -443356
872515 165639 534729
872518 -165637 -534725
873347 85639 150712
873348 -85637 -150709
873535 347073 424102
873537 -347071 -424098
874028 278348 311005
874029 -278347 -311002
874936 174749 198877
874937 -174749 -198876
875957 230278 589084
875959 -230277 -589083
876198 67958 322464
876199 -67957 -322462
877176 -49915 -201047
877176 49916 201049
878064 72458 127829
878065 -72456 -127826
880870 293611 601240
880872 -293609 -601238
881425 161526 175986
881426 -161525 -175984
881977 363041 508227
881978 -363040 -508225
882003 -59279 -104791
882003 59281 104795
883442 -36695 -178004
883442 36697 178007
884053 342199 571725
884056 -342198 -571722
884370 265028 288182
884371 -265026 -288179
885159 -46103 -81632
885159 46105 81635
886514 54642 299419
886515 -54641 -299416
886832 96631 420426
886834 -96630 -420423
887139 -148304 -152877
887139 148305 152878
887529 -32929 -58377
887529 32932 58382
887718 333679 401265
887720 -333678 -401262
888918 -23478 -154760
888918 23480 154764
889110 -19757 -35055
889110 19759 35058
889901 -6585 -11688
889901 6587 11692
890231 152189 511777
890233 -152188 -511773
892071 135086 129579
892072 -135084 -129575
893599 -10262 -131344
893599 10264 131348
893939 -251705 -265011
893939 251705 265012
895667 216816 565991
895669 -216815 -565989
896025 -41326 -276037
896025 41327 276038
896216 121867 106116
896217 -121866 -106112
897481 -2950 107787
897481 2952 -107784
899035 349602 485019
899036 -349601 -485018
899567 108652 82518
899568 -108649 -82514
900494 83217 397006
900495 -83215 -397004
900560 -16162 84113
900561 16165 -84108
901082 280153 577974
901083 -280152 -577973
901117 320277 377962
901119 -320276 -377959
902121 95436 58813
902122 -95434 -58809
902725 238385 241525
902726 -238384 -241523
902836 -29374 60349
902836 29376 -60346
903285 328748 548378
903286 -328747 -548377
903874 82224 35031
903875 -82222 -35026
904305 -42586 36525
904305 42588 -36521
904722 28011 252347
904723 -28010 -252345
904824 -69010 -11192
904824 69012 11196
904968 -55798 12667
904968 55800 -12663
907113 138722 488231
907115 -138720 -488229
910719 225064 217746
910720 -225063 -217743
912599 14694 228375
912600 -14693 -228373
913325 -69793 -373132
913325 69794 373133
913721 306867 354216
913723 -306865 -354213
914531 203328 542240
914534 -203326 -542236
915278 336147 461255
915280 -336145 -461252
917910 -211745 -193705
917910 211746 193706
919650 1374 204150
919651 -1372 -204146
920447 266668 554036
920449 -266667 -554035
921680 315271 524399
921681 -315270 -524397
923149 125235 464120
923151 -125233 -464117
924291 198427 169428
924292 -198426 -169427
925313 -56363 -348835
925313 56364 348837
925517 293449 330058
925519 -293448 -330055
925868 -11945 179702
925869 11947 -179699
929856 -185107 -144939
929856 185108 144941
930689 322679 436967
930691 -322677 -436965
931248 -25264 155064
931249 25267 -155059
932529 189819 517868
932531 -189817 -517865
934597 171788 120269
934598 -171786 -120265
935786 -38585 130260
935786 38587 -130258
936447 42927 324151
936448 -42926 -324148
936494 280024 305513
936495 -280023 -305510
938321 111732 439479
938323 -111731 -439476
938509 158467 95441
938510 -158465 -95437
938947 253155 529462
938949 -253154 -529459
939220 301771 499820
939222 -301769 -499816
939478 -51904 105330
939478 51907 -105324
941586 -145144 -70483
941586 145147 70488
942323 -65224 80292
942323 65225 -80289
943823 131826 45435
943824 -131824 -45432
944320 -78543 55180
944320 78546 -55176
945218 -118504 -20312
945218 118507 20317
945258 309195 412181
945260 -309194 -412178
945468 -91864 30021
945468 91867 -30017
945766 -105185 4846
945766 105187 -4843
946639 266593 280609
946640 -266592 -280609
946717 -29486 -299108
946717 29487 299109
949648 176287 492903
949650 -176286 -492901
952618 98213 414338
952619 -98212 -414335
955887 288251 474676
955889 -288250 -474674
955943 253156 255377
955944 -253155 -255375
956116 -16040 -273737
956116 16041 273739
956561 239621 504287
956562 -239620 -504285
958974 295695 386920
958976 -295694 -386917
964396 239714 229843
964397 -239713 -229840
964636 -2590 -248070
964636 2591 248071
965876 162732 467376
965878 -162730 -467372
966025 -84680 -388729
966025 84680 388730
971671 274710 448996
971673 -274709 -448993
971824 282182 361218
971825 -282180 -361215
971988 -226269 -204039
971988 226270 204040
972271 -10864 222135
972272 10866 -222131
973278 226062 478542
973279 -226061 -478539
978530 71134 362689
978531 -71133 -362687
978712 212821 177993
978713 -212820 -177991
979015 -24324 195962
979016 24326 -195958
981197 149156 441320
981198 -149154 -441317
983795 268654 335102
983796 -268652 -335099
984562 -199368 -151728
984562 199369 151730
984862 -37786 169586
984863 37788 -169581
986560 261147 422804
986562 -261145 -422800
989086 212479 452253
989088 -212477 -452249
989530 185911 125277
989531 -185909 -125273
989809 -51251 143036
989810 51253 -143032
990124 57577 336249
990125 -57576 -336246
993611 172451 98665
993612 -172449 -98661
993853 -64716 116347
993854 64719 -116341
994876 -255112 -308601
994876 255112 308602
995598 135559 414767
995600 -135558 -414764
996799 158988 71926
996800 -158986 -71922
996992 -78183 89544
996992 78185 -89540
999090 145523 45087
999091 -145521 -45083
999224 -91651 62659
999224 91653 -62655
1000480 -132055 -18177
1000480 132058 18183
1000540 -247563 -396133
1000540 247564 396136
1000550 -105120 35722
1000550 105123 -35718
1000799 -44010 -309443
1000799 44011 309444
1000969 -118589 8766
1000969 118591 -8762
1003970 -198872 -425452
1003970 198874 425455
1005060 -241560 -281748
1005060 241561 281750
1009069 -121944 -387751
1009069 121944 387752
1010540 -30435 -282302
1010540 30436 282304
1013600 -233961 -369018
1013600 233963 369021
1014330 -227998 -254572
1014330 227999 254575
1017919 -185245 -398177
1017919 185247 398180
1019339 -16851 -254857
1019339 16852 254859
1021590 -108312 -360306
1021590 108313 360308
1022680 -214429 -227111
1022680 214430 227112
1025720 220343 341490
1025730 -220343 -341489
1027199 -3257 -227139
1027199 3259 227143
1030110 -200851 -199383
1030110 200852 199385
1030920 -171600 -370460
1030920 171600 370461
1033160 -94664 -332467
1033160 94666 332470
1034119 -10340 199187
1034119 10342 -199183
1036600 -187265 -171424
1036600 187266 171426
1036910 -206707 -313576
1036910 206708 313578
1040079 -23945 171025
1040079 23947 -171020
1042149 -173670 -143258
1042149 173672 143262
1042960 -157935 -342330
1042960 157936 342332
1043770 -81007 -304271
1043770 81007 304272
1045080 -37554 142687
1045080 37556 -142683
1046759 -160069 -114921
1046759 160071 114925
1047140 -193058 -285312
1047140 193059 285316
1049120 -51165 114212
1049120 51168 -114206
1050410 -146464 -86444
1050410 146466 86449
1052190 -64780 85625
1052190 64781 -85620
1053110 -132855 -57857
1053110 132857 57862
1053400 -67335 -275744
1053400 67336 275746
1054030 -144254 -313824
1054030 144256 313827
1054310 -78395 56959
1054310 78398 -56953
1054860 -119243 -29194
1054860 119246 29200
1055450 -92013 28244
1055450 92015 -28238
1055640 -105629 -484
1055640 105631 489
1056400 -179398 -256737
1056400 179399 256738
1062060 -53653 -246921
1062060 53654 246923
1064120 -130562 -284980
1064120 130563 284981
1064700 -165725 -227871
1064700 165726 227873
1069730 -39959 -217829
1069730 39961 217833
1072020 -152042 -198750
1072020 152043 198752
1073230 -116856 -255821
1073230 116857 255823
1076410 -26256 -188508
1076410 26258 188512
1078360 -138347 -169400
1078360 138349 169404
1081340 -103137 -226384
1081340 103138 226386
1082090 -12547 -158989
1082090 12549 158994
1083710 -124644 -139859
1083710 124646 139864
1086780 -1165 129310
1086780 1167 -129306
1088060 -110935 -110159
1088060 110937 110165
1088450 -89405 -196695
1088450 89407 196699
1090460 -14883 99498
1090460 14886 -99492
1091420 -97219 -80331
1091420 97221 80336
1093140 -28605 69585
1093140 28607 -69581
1093770 -83500 -50410
1093770 83503 50416
1094560 -75665 -166794
1094560 75667 166798
1094810 -42329 39605
1094810 42331 -39600
1095120 -69779 -20427
1095120 69781 20432
1095470 -56055 9589
1095470 56057 -9583
1099660 -61917 -136712
1099660 61920 136718
1103740 -48164 -106484
1103740 48166 106488
1106810 -34406 -76141
1106810 34409 76147
1108850 -20645 -45718
1108850 20647 45723
1109870 -6881 -15243
1109870 6883 15249
