# title: Liss 5 8.

# Generated with the "Modeler's Little Helper" by Tom Davis <davis@sgi.com>.
# (I found this code on Silicon Graphics Totally Insane CD.)  Basically, it's
# a worm wrapped around a sphere, with self-intersections.
#
# --Ernst <mucke@cs.uiuc.edu>

# [n = 4200, int coordinates]
-1107510 -36240 64116
-1107510 36225 -64094
-1094450 -82735 33951
-1094450 82720 -33930
-1091170 -10559 -92137
-1091170 10544 92158
-1087650 -108599 190871
-1087650 108590 -190859
-1078210 154802 -158962
-1078200 -154811 158974
-1068330 61519 -216415
-1068320 -61529 216427
-1055500 -116481 9746
-1055500 116466 -9726
-1052510 -252737 235552
-1052510 252743 -235543
-1052290 -324678 106432
-1052290 324684 -106422
-1049820 -45099 -110544
-1049810 45084 110565
-1048219 -180647 313281
-1048219 180638 -313269
-1044440 -205086 205446
-1044440 205092 -205437
-1042759 226594 -280098
-1042750 -226603 280110
-1042519 -187783 129283
-1042519 187773 -129271
-1040940 -276694 77954
-1040940 276700 -77944
-1034300 -369984 135858
-1034300 369990 -135848
-1032200 180520 -362596
-1032189 -180513 362607
-1031380 -298389 262226
-1031380 298395 -262217
-1030910 -396104 -21637
-1030899 396110 21649
-1027620 -133185 331281
-1027620 133192 -331270
-1026180 133296 -335961
-1026170 -133306 335973
-1025409 26203 -228783
-1025400 -26213 228794
-1016559 -441065 10220
-1016559 441071 -10209
-1016470 -347785 -48078
-1016470 347791 48090
-1011239 -258859 245347
-1011239 258850 -245336
-1009330 -168203 179975
-1009330 168210 -179966
-1008350 226497 -386249
-1008340 -226490 386260
-1003300 -238889 58056
-1003300 238896 -58047
-1001080 -128436 -2012
-1001080 128421 2031
-995844 97195 -300665
-995843 -97188 300675
-994522 -58138 -114383
-994520 58123 114402
-992226 108215 -484663
-992222 -108209 484672
-991796 -400472 158349
-991795 400479 -158339
-991390 61190 -452566
-991386 -61184 452576
-990154 198669 -109742
-990152 -198679 109753
-989817 252155 -428412
-989810 -252164 428422
-988713 297906 -394533
-988706 -297916 394544
-987984 -466798 -145421
-987980 466804 145430
-986706 -329809 278320
-986706 329816 -278312
-982524 97254 -342093
-982519 -97263 342104
-977885 -511448 -111560
-977880 511453 111569
-977287 -470620 38960
-977284 470626 -38950
-977131 -309054 -62017
-977128 309061 62028
-970619 -418142 -169363
-970615 418148 169372
-970396 12105 -224648
-970392 -12114 224659
-966031 154485 -505036
-966026 -154479 505044
-965313 204559 -447812
-965306 -204568 447823
-963745 26011 -417347
-963742 -26005 417357
-962461 258803 -395892
-962458 -258797 395902
-962298 329554 -355254
-962292 -329563 355264
-962120 268765 -218297
-962116 -268774 218307
-956578 -151972 165963
-956577 151979 -165955
-949446 -221394 52069
-949445 221400 -52060
-945788 -115397 1824
-945788 115382 -1807
-945383 82174 -278981
-945381 -82167 278991
-943026 -540128 -76854
-943022 540134 76862
-940107 -46183 -102625
-940105 46168 102643
-936898 -10742 -566645
-936893 10748 566653
-936162 -407974 167877
-936162 407980 -167868
-935142 184571 -105608
-935140 -184580 105618
-933756 36014 -598990
-933751 -36008 598997
-930458 -338579 279523
-930458 338585 -279515
-930443 -378517 -176971
-930438 378523 176980
-928962 82169 -330023
-928957 -82178 330033
-923600 -476850 56880
-923598 476857 -56870
-923541 -536333 -261156
-923533 536341 261168
-923421 -290291 -59719
-923418 290297 59728
-921769 167871 -447536
-921761 -167881 447546
-919822 187602 -508227
-919818 -187596 508236
-918364 -580762 -225922
-918357 580769 225932
-918031 23001 -205119
-918028 -23010 205129
-917650 338618 -321099
-917644 -338627 321109
-916956 368547 -499484
-916950 -368555 499490
-916700 12103 -388442
-916697 -12098 388451
-914147 -45200 -527437
-914144 45206 527445
-913331 322921 -533355
-913324 -322928 533361
-908558 253680 -206226
-908554 -253689 206236
-906835 268784 -388939
-906832 -268777 388949
-905564 82540 -615804
-905559 -82534 615812
-904431 80842 -20214
-904430 -80857 20230
-903395 -487332 -282019
-903388 487339 282028
-901151 -12437 -78421
-901149 12422 78437
-900848 535490 331083
-900847 -535496 -331072
-900330 -160742 167165
-900330 160748 -167158
-896582 399740 -456425
-896577 -399748 456431
-896302 -486532 -302366
-896302 486526 302376
-893813 -228896 61598
-893811 228902 -61589
-892750 -545153 -50601
-892746 545159 50609
-892235 605490 198265
-892233 -605495 -198256
-892224 149255 -117976
-892221 -149264 117985
-889757 92154 -272029
-889755 -92147 272038
-889252 -608712 -185754
-889245 608719 185764
-888093 34057 -48256
-888092 -34072 48272
-886677 275086 -548963
-886670 -275093 548968
-885395 -464639 -461882
-885393 464631 461894
-884629 556079 171008
-884627 -556085 -170999
-884122 -416112 -432121
-884120 416104 432133
-882344 55972 -175429
-882342 -55981 175438
-882308 -390479 161890
-882307 390485 -161882
-879842 92083 -302984
-879837 -92092 302993
-878219 -358541 -166207
-878215 358547 166215
-877710 322354 -265504
-877709 -322348 265511
-876409 -580111 -356654
-876409 580105 356664
-872898 102185 -143532
-872896 -102194 143541
-871601 -58127 -491872
-871598 58133 491879
-870912 649554 227349
-870911 -649560 -227339
-870850 151923 -427658
-870843 -151932 427667
-869890 -458086 59179
-869888 458093 -59170
-869734 -296521 -41799
-869731 296527 41808
-866731 322670 -301221
-866726 -322679 301229
-865982 198693 -493381
-865978 -198687 493389
-865520 -82453 -671004
-865514 82459 671012
-864905 217638 -212358
-864901 -217647 212367
-863991 446333 278237
-863990 -446339 -278227
-863326 -446886 -282916
-863318 446894 282925
-862859 23194 -373596
-862857 -23189 373604
-859876 116369 -612584
-859871 -116363 612590
-858452 -509739 -483842
-858450 509731 483853
-858197 -35914 -702985
-858190 35921 702993
-857990 674208 67694
-857986 -674214 -67683
-857667 408142 -415716
-857662 -408149 415721
-856373 253763 -367256
-856371 -253755 367264
-855654 -192162 183260
-855654 192168 -183252
-854973 -377161 -402534
-854972 377154 402546
-851306 -259384 84088
-851305 259390 -84080
-850134 514563 152880
-850131 -514568 -152871
-849960 -345164 -556612
-849957 345159 556621
-848379 -116315 -628557
-848373 116321 628564
-848326 124340 -268221
-848321 -124350 268230
-847732 -393272 -586991
-847729 393267 587000
-847489 624342 42291
-847484 -624348 -42281
-844664 -352675 141992
-844663 352681 -141984
-844136 237861 -542125
-844130 -237868 542130
-844005 -612695 -151416
-844000 612702 151425
-843871 124461 -281671
-843870 -124455 281679
-842858 170297 -235050
-842854 -170306 235059
-842594 -285465 240039
-842594 285471 -240032
-840577 717687 100075
-840573 -717693 -100065
-840526 -525178 -39837
-840523 525183 39844
-838512 -648582 -329088
-838505 648587 329094
-838057 -604214 -364774
-838050 604219 364779
-834521 -237814 209933
-834521 237820 -209926
-833316 -304691 113515
-833315 304697 -113507
-830547 -419356 45240
-830545 419362 -45231
-830457 -326076 -13059
-830454 326082 13067
-829535 -608423 -372257
-829535 608417 372266
-828658 438328 -592130
-828645 -438339 592140
-828371 10829 -715929
-828365 -10823 715937
-827943 -363566 -139954
-827938 363572 139961
-826375 676466 250466
-826374 -676472 -250456
-826202 160987 -393503
-826195 -160996 393511
-824859 -307348 -522232
-824856 307342 522240
-824597 217766 -336650
-824595 -217759 336659
-823186 285983 -300945
-823181 -285992 300953
-820659 -46059 -469479
-820656 46065 469485
-820021 170438 -305324
-820019 -170432 305332
-820019 392719 -625104
-820006 -392729 625114
-818937 184786 -464476
-818933 -184780 464483
-818774 -438781 -605227
-818771 438776 605235
-816651 56312 -376787
-816648 -56306 376795
-816598 -676059 -284289
-816592 676064 284294
-816113 -371037 18799
-816111 371043 -18791
-815355 -554843 -381784
-815348 554848 381789
-815231 469264 -546251
-815219 -469275 546261
-814069 -425835 -263609
-814062 425842 263618
-812571 425682 265132
-812570 -425687 -265124
-811886 581450 30675
-811882 -581456 -30665
-811367 -128426 -587016
-811362 128431 587024
-810639 391500 -388264
-810634 -391507 388269
-810513 -539328 -492118
-810511 539320 492128
-808933 128437 -590191
-808929 -128430 590197
-805760 -358223 -381049
-805759 358216 381060
-800350 -485553 -47445
-800346 485559 47452
-799915 743128 130758
-799912 -743134 -130750
-799787 192635 -354224
-799781 -192644 354232
-798683 238387 -320345
-798678 -238396 320353
-797991 492064 148740
-797989 -492070 -148731
-797108 221219 -514673
-797102 -221226 514677
-796779 741141 -55810
-796773 -741146 55819
-795914 -273973 -672729
-795909 273966 672738
-794748 -591643 -132109
-794743 591650 132117
-793084 -392246 -105248
-793080 392252 105255
-791629 344656 -636339
-791616 -344667 636349
-791292 149607 -429256
-791288 -149601 429264
-790455 102582 -397160
-790452 -102577 397167
-789977 -321693 -703221
-789972 321686 703230
-784320 784073 -20542
-784314 -784078 20551
-784036 45256 -706370
-784030 -45250 706377
-783474 690792 -78834
-783468 -690797 78842
-783335 477237 -499761
-783325 -477248 499770
-782985 -436897 -71387
-782981 436902 71393
-779156 -289955 -493061
-779154 289950 493068
-778849 -153810 -763305
-778841 153816 763312
-778187 -679282 -242380
-778181 679287 242384
-776490 -513698 -375560
-776483 513703 375565
-775643 -237162 -634307
-775639 237156 634316
-774971 -12230 -466258
-774968 12236 466264
-772786 -612846 -373700
-772785 612840 373708
-770844 -469497 -606434
-770841 469491 606442
-770557 679014 261421
-770556 -679019 -261413
-768823 -429818 -229271
-768816 429825 229279
-768099 354275 -381426
-768094 -354282 381431
-767955 -187219 -718502
-767947 187225 718509
-767219 -107425 -794214
-767210 107431 794221
-766387 115510 -554625
-766383 -115504 554631
-764401 -115543 -557514
-764396 115549 557520
-760722 557026 35956
-760718 -557031 -35947
-759423 -367535 -717613
-759418 367528 717622
-758193 229620 -473964
-758188 -229627 473968
-755821 430104 266575
-755820 -430110 -266566
-754679 -551198 -133007
-754673 551205 133014
-754422 -545477 -484491
-754420 545470 484501
-751095 307020 -622824
-751082 -307030 622832
-749669 -364372 -373423
-749668 364365 373432
-749435 808083 17519
-749430 -808088 -17511
-747969 646516 -83445
-747963 -646521 83453
-746899 743716 151524
-746896 -743721 -151515
-746779 34295 -483073
-746776 -34289 483079
-743637 81051 -515418
-743633 -81045 515422
-742173 494613 159695
-742171 -494618 -159688
-741518 460111 -465117
-741508 -460121 465126
-741445 306440 -397034
-741440 -306447 397038
-739711 -457768 -189103
-739704 457775 189110
-739234 -714464 -416972
-739224 714470 416980
-737819 260813 -430905
-737814 -260820 430909
-737454 -198702 -671811
-737448 198708 671817
-737070 58139 -676867
-737064 -58133 676873
-736179 -60494 -802949
-736171 60500 802955
-734596 -221124 -598251
-734592 221117 598259
-734534 -502196 -153868
-734528 502202 153875
-733571 -657388 -214590
-733566 657393 214594
-732540 -669912 -451793
-732529 669918 451800
-731874 -491804 -347770
-731867 491809 347775
-726022 -741843 -368827
-726012 741849 368834
-725213 507150 -669630
-725199 -507160 669638
-725097 -297648 -476916
-725095 297642 476923
-724109 -202636 -778041
-724103 202630 778048
-721366 -592194 -360596
-721366 592189 360604
-720066 -81116 -547954
-720061 81122 547960
-719540 538051 -622142
-719527 -538061 622150
-718414 656516 257280
-718413 -656521 -257272
-716786 -477189 -590289
-716783 477184 590297
-714298 -250010 -808067
-714292 250004 808074
-712439 -399216 -712049
-712434 399209 712057
-711445 461430 -700651
-711430 -461440 700659
-709345 -166687 -736425
-709340 166681 736432
-709278 289894 -588180
-709266 -289904 588187
-708947 458417 282177
-708946 -458422 -282169
-708037 805167 -165859
-708027 -805173 165868
-707732 -620125 -463959
-707720 620131 463966
-707707 557613 56721
-707702 -557618 -56713
-705209 -526539 -463006
-705207 526532 463015
-701826 847744 -128566
-701816 -847750 128575
-701730 -393961 -381698
-701729 393954 381707
-701471 806739 48176
-701467 -806744 -48169
-700984 422474 -451602
-700975 -422485 451609
-700058 46027 -635327
-700052 -46021 635333
-699779 620177 -68407
-699773 -620182 68414
-697636 521524 182812
-697634 -521529 -182805
-696442 -744713 -320258
-696433 744720 320264
-695947 545852 -570910
-695934 -545862 570918
-695736 719291 156806
-695732 -719297 -156798
-695521 -185181 -635742
-695514 185187 635748
-694705 -616243 -208366
-694700 616248 208370
-694049 -25593 -787167
-694041 25599 787173
-693463 -495027 -305861
-693457 495032 305865
-692007 754258 -185698
-691997 -754264 185706
-690241 -34371 -560899
-690236 34377 560904
-689054 -552002 -336457
-689054 551996 336465
-684509 503032 307758
-684508 -503038 -307751
-683919 614999 239153
-683917 -615004 -239146
-683771 -230155 -574221
-683767 230149 574228
-682917 12166 -592879
-682912 -12160 592885
-682543 -296117 -818458
-682537 296111 818465
-681926 413141 -706893
-681910 -413151 706900
-679181 735706 -420373
-679180 -735693 420399
-678711 -224706 -841339
-678702 224712 841344
-678656 685363 -393774
-678655 -685350 393800
-677383 297867 -541690
-677371 -297877 541697
-677167 -328364 -478123
-677165 328358 478130
-676313 565589 211895
-676312 -565594 -211889
-676060 -487588 -433419
-676059 487581 433428
-675038 870581 -83810
-675030 -870587 83818
-674787 -439061 -403658
-674786 439054 403667
-674580 -257816 -795200
-674572 257822 795205
-673964 -151796 -694370
-673959 151790 694377
-672594 374412 -462836
-672585 -374422 462843
-672003 -566872 -225376
-671998 566877 225380
-671548 -522503 -261062
-671543 522509 261065
-671457 -578443 -450211
-671446 578450 450217
-671138 -801875 280178
-671130 801888 -280155
-671083 -459797 -561118
-671080 459792 561125
-667867 -750892 255033
-667859 750905 -255011
-667044 583055 87405
-667041 -583060 -87397
-663956 328802 -495811
-663945 -328813 495818
-662773 -178401 -870392
-662764 178407 870397
-661614 -408248 -688019
-661609 408241 688027
-660754 528464 -529664
-660743 -528474 529670
-660133 676400 145189
-660130 -676405 -145182
-659467 618072 -528409
-659462 -618059 528432
-658421 -722306 -284278
-658413 722312 284284
-658032 708660 -182766
-658022 -708665 182774
-656813 667782 -556051
-656808 -667768 556075
-653390 -150280 -619961
-653384 150286 619966
-653281 780400 63214
-653276 -780405 -63207
-652115 -12072 -751099
-652107 12078 751104
-651815 618833 -37750
-651810 -618837 37756
-651488 -268862 -744338
-651480 268868 744343
-651191 780090 -442482
-651190 -780077 442507
-649757 -642538 369837
-649757 642551 -369812
-649631 626533 119787
-649628 -626539 -119780
-648209 -373872 -496359
-648207 373867 496366
-645982 -421980 -526737
-645980 421975 526744
-645933 -845408 306857
-645926 845421 -306834
-644564 375222 -686682
-644549 -375232 686689
-637351 -328601 -806429
-637345 328595 806435
-636996 -706120 238162
-636988 706133 -238140
-636787 -261837 -568656
-636783 261830 568664
-636780 -131279 -870367
-636773 131272 870374
-634851 867559 -43584
-634844 -867565 43592
-634061 577020 -498219
-634058 -577006 498241
-633437 -556036 -414231
-633426 556042 414237
-631036 -131311 -874574
-631028 131317 874579
-628853 -865313 142356
-628842 865324 -142336
-628078 -96036 -826499
-628072 96029 826505
-627445 -161953 -663145
-627441 161948 663151
-626811 712828 -573740
-626806 -712815 573763
-623392 490545 -509453
-623381 -490555 509459
-623272 -813705 118954
-623261 813715 -118935
-623015 -178364 -899275
-623008 178357 899282
-622351 -103349 -628695
-622345 103355 628700
-622147 -680625 -270530
-622139 680631 270535
-621807 -778059 -484913
-621798 778064 484917
-621615 -23555 -704408
-621608 23561 704413
-620567 -392209 -651963
-620562 392203 651970
-618681 -805787 -435279
-618673 805792 435282
-617776 736124 58603
-617772 -736129 -58597
-616930 642843 311
-616925 -642848 -305
-615621 -254882 -702382
-615614 254888 702386
-615214 680588 -157849
-615205 -680594 157856
-614394 549733 -653883
-614384 -549721 653904
-611345 605894 -681157
-611327 -605905 681164
-610720 -56964 -659605
-610714 56970 659610
-609371 357834 -645435
-609357 -357844 645441
-608674 574824 -728799
-608655 -574835 728806
-608604 -733022 -517154
-608595 733027 517158
-608199 598840 -682032
-608188 -598827 682053
-607558 -907803 173714
-607548 907813 -173695
-606233 -307679 -583048
-606229 307672 583055
-604471 685775 35579
-604467 -685779 -35573
-603857 -558906 -365662
-603848 558913 365667
-602187 806622 -454177
-602185 -806610 454201
-600296 -355399 -613541
-600292 355392 613547
-600228 -618728 354931
-600228 618740 -354909
-600064 -808776 -381551
-600056 808781 381554
-599243 -82078 -779426
-599237 82071 779432
-599005 -869826 327922
-598999 869839 -327901
-597339 -630838 -282696
-597331 630844 282700
-597239 613750 -626554
-597223 -613762 626561
-593872 442256 -515695
-593862 -442266 515700
-593717 907413 -217109
-593707 -907418 217115
-593676 510223 -618501
-593668 -510210 618521
-592311 -766806 109781
-592303 864745 -254787
-592300 766816 -109762
-592293 -864750 254793
-592034 839488 -18667
-592027 -839494 18674
-592006 -96052 -852765
-591998 96058 852770
-590832 -338758 -775204
-590827 338753 775210
-590644 -586286 -317517
-590636 586292 317521
-590473 -224675 -905478
-590465 224668 905485
-589943 528866 -756713
-589924 -528878 756720
-587404 555624 -473571
-587401 -555611 473592
-586798 -679555 234083
-586790 679567 -234063
-585777 365635 -594204
-585765 -365645 594209
-582610 -682743 -523364
-582601 682748 523367
-582254 -194437 -651116
-582250 194432 651121
-580105 396536 -546716
-580093 -396546 546720
-577718 929683 -167206
-577709 -929687 167211
-577501 741142 -576735
-577496 -741129 576756
-576750 644385 -695404
-576739 -644372 695425
-576591 -219623 -680573
-576584 219629 680577
-575028 677566 -117623
-575019 -677572 117630
-573857 813111 -270144
-573846 -813116 270149
-570944 -786226 -338127
-570937 786231 338129
-570181 -328026 -856671
-570171 328032 856676
-570137 596289 -579620
-570123 -596300 579626
-567197 -295072 -903011
-567186 295079 903015
-565094 -929789 204628
-565085 929799 -204610
-560171 480335 -757421
-560151 -480346 757427
-558058 793889 -15735
-558052 -793895 15741
-557999 -93146 -741761
-557993 93139 741767
-556139 -82072 -810809
-556131 82078 810813
-555451 -323868 -733149
-555446 323862 733154
-555275 -338805 -802784
-555265 338811 802789
-551597 490896 -585365
-551589 -490884 585385
-550790 -640695 -501878
-550781 640700 501881
-550498 -240544 -661506
-550494 240538 661512
-549516 -924347 16422
-549500 924356 -16406
-548594 925586 -118449
-548586 -925591 118454
-548240 700404 -72867
-548232 -700409 72873
-547872 -257803 -887314
-547865 257796 887320
-547270 480593 -766991
-547257 -480578 767011
-547122 -248774 -929386
-547111 248780 929390
-545299 808194 -452325
-545297 -808182 452347
-544855 -172533 -684755
-544848 172539 684759
-544267 -737184 117293
-544256 737193 -117276
-543340 -620301 353077
-543340 620312 -353056
-543320 766347 -259065
-543310 -766351 259070
-542930 -868587 337730
-542924 868599 -337711
-542029 742981 -35574
-542022 -742986 35579
-541973 -872129 -4990
-541956 872138 5006
-540688 -287919 -691533
-540683 287913 691538
-539124 -744178 -316641
-539117 744183 316643
-537301 558188 -552932
-537287 -558199 552937
-537261 529147 -795000
-537247 -529132 795021
-536264 -59999 -947824
-536256 59993 947829
-534032 -25303 -902730
-534024 25298 902735
-533790 -965683 52286
-533776 965692 -52270
-533047 -93117 -759947
-533040 93123 759951
-532166 442403 -727550
-532154 -442388 727570
-531997 559618 -461070
-531995 -559606 461089
-530722 -678316 243891
-530715 678328 -243873
-528916 -126229 -713808
-528910 126235 713812
-528475 674164 -690417
-528465 -674152 690437
-527335 442234 -730733
-527316 -442245 730737
-526472 -324522 -755789
-526463 324528 755793
-522093 745136 -564234
-522089 -745123 564253
-521669 -618145 -458454
-521661 618150 458456
-518582 -106858 -974912
-518572 106853 974917
-515399 -126274 -723596
-515393 126266 723602
-515335 -201537 -928730
-515324 201543 928734
-514148 896221 -83903
-514142 -896226 83907
-513181 -823020 -6214
-513165 823028 6228
-513130 -693900 -322850
-513123 693905 322852
-512839 -925380 226812
-512831 925389 -226796
-512484 -12068 -851714
-512476 12063 851719
-508874 736982 -224519
-508866 -736986 224523
-507529 509656 -553640
-507515 -509667 553644
-506629 -268871 -849649
-506622 268864 849654
-504820 575055 -804073
-504807 -575039 804093
-503053 -621135 -404726
-503044 621139 404728
-500233 424772 -683799
-500216 -424783 683803
-499927 -648863 -355092
-499920 648867 355094
-499430 496931 -563356
-499423 -496919 563373
-499009 -985060 92992
-498995 985069 -92977
-496976 -867293 -478167
-496967 867298 478169
-495996 424810 -687246
-495985 -424795 687265
-495769 784384 -437422
-495768 -784373 437441
-494335 -646834 364771
-494335 646845 -364752
-493067 672624 -720159
-493048 -672636 720161
-492731 -842023 333651
-492726 842034 -333634
-492012 -732775 139477
-492002 732784 -139463
-491490 -289003 -728277
-491482 289009 728281
-491305 -870752 -421616
-491296 870756 421617
-489425 680652 -663905
-489408 -680664 663907
-489111 -838857 -526868
-489101 838862 526869
-488798 463698 -581554
-488784 -463710 581558
-486128 432629 -629196
-486112 -432640 629199
-485723 -153325 -976736
-485714 153319 976740
-483795 -702735 264956
-483788 702746 -264940
-483612 849456 -72824
-483606 -849461 72828
-482856 -172585 -729799
-482851 172578 729804
-482686 587932 -464064
-482684 -587920 464082
-481793 641261 -766326
-481772 -641273 766328
-480354 -166018 -901218
-480343 166024 901222
-479751 732885 -175762
-479743 -732890 175766
-477793 -254913 -802576
-477786 254906 802581
-477393 -23839 -808444
-477386 23834 808449
-476308 680199 -668408
-476299 -680187 668426
-475436 723740 -539586
-475432 -723728 539604
-473615 -848306 -372367
-473608 848311 372368
-471843 663195 -612638
-471827 -663207 612640
-470856 -790178 13078
-470841 790186 -13065
-469816 -793064 -554668
-469805 793069 554669
-469091 -219670 -758708
-469086 219663 758713
-466871 741572 -413460
-466870 -741561 413479
-466346 691229 -386861
-466345 -691218 386879
-465166 797822 -88181
-465159 -797827 88184
-464795 -895757 234324
-464787 895766 -234310
-463752 755154 -125859
-463745 -755159 125862
-462188 961404 -277506
-462177 -961408 277509
-461861 -797251 316779
-461855 797262 -316763
-461745 410910 -865179
-461728 -410894 865197
-459704 -241766 -727621
-459696 241772 727625
-459604 984049 -225327
-459595 -984053 225329
-458643 606015 -791779
-458629 -606000 791797
-458622 594967 -790037
-458601 -594979 790038
-458590 -746268 291635
-458584 746279 -291620
-456948 -397793 -901017
-456940 397799 901020
-454491 -977287 127632
-454479 977295 -127620
-452934 373813 -822890
-452919 -373798 822908
-452684 632978 -481753
-452682 -632966 481770
-452304 917947 -312946
-452293 -917951 312949
-451551 -151734 -854223
-451541 151741 854226
-451155 526711 -558369
-451148 -526699 558385
-450840 -408424 -845413
-450833 408429 845415
-450031 682688 -509395
-450028 -682676 509413
-449548 -754761 170391
-449539 754770 -170377
-448648 -805972 -343616
-448641 805977 343616
-448452 432528 -656878
-448442 -432513 656895
-447778 458978 -892319
-447760 -458962 892336
-446709 -364892 -946348
-446700 364898 946350
-446492 -186949 -952807
-446484 186943 952811
-445246 979815 -170389
-445238 -979819 170392
-445030 624929 -580096
-445015 -624942 580097
-444261 -742183 -554119
-444250 742188 554120
-439629 -195467 -753997
-439620 195473 754000
-439092 861496 310412
-439090 -861504 -310391
-438599 914243 331851
-438596 -914251 -331830
-438162 -57463 -784515
-438156 57458 784520
-436645 -162514 -800336
-436636 162520 800339
-434229 660872 -635273
-434220 -660860 635289
-433834 -848859 225151
-433827 848867 -225138
-432602 865323 -322151
-432590 -865327 322153
-432557 -803139 -457298
-432556 803132 457313
-431772 -976520 -85732
-431750 976528 85744
-430021 -393936 -794434
-430015 393941 794436
-429764 546147 -784938
-429744 -546159 784938
-429492 45431 -963556
-429484 -45436 963560
-429370 -854921 -480763
-429368 854914 480779
-428254 -797251 201749
-428246 797259 -201737
-426338 -782405 47718
-426325 782412 -47707
-425020 11136 -1008790
-425011 -11141 1008790
-423958 -1016910 -46364
-423937 1016920 46376
-423706 357628 -776782
-423692 -357612 776799
-423094 -755091 -343067
-423087 755096 343067
-422961 949836 -127415
-422953 -949840 127416
-422866 -318537 -969259
-422858 318542 969261
-422465 -923619 -104628
-422442 923627 104640
-419706 572255 -571742
-419699 -572244 571757
-419294 -699849 -525368
-419284 699853 525368
-416172 576109 -574996
-416158 -576121 574996
-415820 58134 -909761
-415812 -58140 909765
-414774 505138 -897036
-414756 -505121 897053
-413511 621362 -599890
-413503 -621350 599906
-412166 -944446 146925
-412155 944453 -146914
-411401 -198720 -909537
-411393 198714 909541
-411147 814707 293918
-411144 -814715 -293898
-411099 613733 -761411
-411086 -613718 761428
-409798 958816 352491
-409796 -958824 -352471
-408360 817632 -302654
-408349 -817636 302656
-407322 -758900 -431836
-407321 758894 431850
-405303 -103930 -786339
-405297 103925 786343
-403798 -709298 -370867
-403791 709303 370867
-403601 -35561 -1033339
-403592 35556 1033339
-402952 507881 -752395
-402932 -507893 752394
-402274 463488 -644584
-402264 -463474 644600
-402183 968329 180385
-402173 -968337 -180364
-401605 -677404 -476119
-401596 677408 476119
-401213 914692 161299
-401203 -914699 -161279
-401116 -1033970 2925
-401098 1033970 -2914
-400071 -358211 -761740
-400065 358216 761741
-398719 902146 -107918
-398712 -902150 107919
-398614 -900372 -495945
-398612 900365 495959
-398530 -872382 -97989
-398508 872390 98000
-395933 -680862 -419568
-395925 680867 419567
-393002 529815 -598707
-392987 -529828 598706
-391809 -271148 -963610
-391801 271153 963612
-391556 -801782 88424
-391545 801789 -88414
-389853 -185485 -858521
-389846 185479 858525
-389573 -741142 -593097
-389570 741135 593108
-387666 45842 -861819
-387659 -45848 861822
-387621 -150789 -813427
-387614 150784 813431
-386074 787654 -259680
-386065 -787658 259680
-385369 490424 -701128
-385351 -490436 701127
-383374 -895337 145701
-383364 895344 -145692
-382784 -791980 -617826
-382780 791974 617837
-381892 366690 -739210
-381879 -366676 739226
-381727 498452 -644875
-381711 -498465 644874
-379017 849522 -117123
-379010 -849526 117123
-376603 1011649 207050
-376593 -1011660 -207031
-375830 -843118 124288
-375820 843125 -124279
-375426 746247 -679998
-375409 -746257 679998
-374929 596140 -721107
-374917 -596125 721123
-374012 -929604 -434713
-374005 929608 434713
-373954 865111 154908
-373944 -865118 -154889
-371716 783420 -204742
-371708 -783424 204743
-371578 537020 -878068
-371561 -537005 878084
-370975 -82149 -1030629
-370966 82143 1030629
-370112 -907128 -382542
-370105 907132 382542
-369834 509395 -653657
-369824 -509382 653672
-369397 -699130 -560385
-369394 699123 560396
-369367 -1023120 48931
-369351 1023130 -48921
-369133 806065 -152563
-369126 -806069 152563
-369014 -310822 -756091
-369007 310827 756093
-368605 728676 -626268
-368590 -728687 626267
-367955 738127 -735859
-367937 -738137 735859
-366380 -836538 -67595
-366361 836545 67604
-365303 -925736 -490850
-365295 925740 490850
-362251 786414 286788
-362248 -786422 -286770
-361859 -235423 -930916
-361851 235428 930918
-361350 340906 -946512
-361337 -340895 946521
-360426 -734059 -411200
-360425 734053 411213
-360408 983271 366801
-360406 -983278 -366782
-359825 557950 -681667
-359814 -557936 681682
-359273 304676 -902633
-359260 -304666 902643
-354647 -864331 -348316
-354641 864334 348316
-352575 11848 -832575
-352568 -11853 832578
-350849 -838023 -627946
-350845 838017 627957
-349321 690124 -589065
-349307 -690134 589064
-348530 -927313 -498774
-348528 927307 498788
-348196 706494 -778883
-348176 -706504 778882
-346318 -896561 -535911
-346309 896564 535911
-345171 -264467 -779002
-345165 264472 779003
-343434 388567 -971998
-343420 -388557 972007
-341040 -220935 -879937
-341033 220940 879938
-340535 -477591 -870546
-340527 477597 870547
-338696 398573 -720242
-338684 -398558 720256
-337758 289587 -852120
-337746 -289577 852129
-337446 -467080 -926423
-337438 467086 926423
-337218 -987275 79325
-337204 987282 -79317
-335884 -116143 -1001390
-335875 116138 1001390
-334932 -231566 -824333
-334925 231571 824334
-334631 -825691 -21589
-334614 825698 21597
-331762 -812679 -341207
-331756 812682 341206
-331328 1033050 234152
-331319 -1033060 -234134
-329764 546083 -840496
-329748 -546068 840511
-328485 -462907 -816868
-328477 462913 816868
-328174 1028580 -191378
-328165 -1028580 191378
-327710 832871 162923
-327701 -832878 -162907
-327662 -677201 -528455
-327660 677195 528465
-324310 1032170 -248073
-324300 -1032180 248073
-322740 640920 -578359
-322727 -640930 578357
-322378 998520 -143365
-322371 -998524 143365
-322144 -849895 -557823
-322135 849899 557822
-321441 659822 -797541
-321421 -659832 797539
-320047 -434192 -969525
-320038 434198 969526
-319949 -34739 -829866
-319943 34733 829868
-317741 -676794 -711810
-317733 676787 711822
-316865 116112 -1007630
-316855 -116118 1007630
-313410 1014010 42944
-313393 -1014010 -42929
-313283 -936038 85963
-313270 936045 -85956
-312348 959731 25770
-312331 -959736 -25755
-311823 1008350 -298259
-311812 -1008350 298258
-311790 -842748 27700
-311775 842754 -27693
-311481 128432 -952297
-311472 -128440 952300
-310325 434891 -972262
-310311 -434880 972272
-308477 950059 -116900
-308470 -950062 116898
-307730 -128436 -953444
-307722 128429 953447
-307588 -766013 -363119
-307582 766016 363117
-306789 -726771 -736802
-306781 726764 736813
-305693 444733 -724960
-305680 -444718 724973
-305646 82096 -1051890
-305635 -82102 1051890
-305505 784198 290933
-305502 -784205 -290918
-304525 -426964 -779771
-304518 426970 779771
-304434 -735272 -400920
-304434 735266 400931
-304147 -636644 -673793
-304140 636637 673804
-303976 -883137 67067
-303962 883144 -67061
-303662 981054 370946
-303661 -981062 -370930
-302571 299682 -808506
-302560 -299672 808515
-302326 -866933 -620745
-302322 866927 620756
-300536 529898 -794389
-300521 -529883 794402
-299259 -798243 -550714
-299250 798247 550712
-298530 -81436 -854416
-298524 81431 854419
-295986 594248 -597017
-295972 -594258 597014
-294861 610618 -786835
-294841 -610628 786832
-294059 963483 -328488
-294058 -115732 -899649
-294051 115727 899652
-294047 -963486 328487
-293150 1055650 76072
-293134 -1055660 -76058
-292999 -387738 -988304
-292990 387744 988304
-292539 -928526 -488494
-292537 928519 488506
-291725 492801 -752099
-291712 -492786 752112
-290938 115759 -900727
-290929 -115765 900729
-290248 907363 29151
-290233 -907368 -29137
-290195 896177 -119072
-290188 -896181 119071
-288603 -736838 -408180
-288596 736841 408179
-283794 -755446 -516487
-283786 755449 516486
-281780 -1057620 -107587
-281756 1057630 107591
-280831 35500 -1073230
-280820 -35507 1073230
-279894 -732970 -464317
-279886 732973 464315
-279264 -1017239 -147651
-279240 1017250 147654
-278489 1026790 254426
-278481 -1026799 -254411
-276226 562615 -640041
-276211 -562625 640038
-275777 909602 -330661
-275765 -909605 330659
-275624 -1073680 -53307
-275604 1073690 53310
-275577 572066 -749632
-275559 -572075 749629
-275552 -681231 -505862
-275549 681226 505872
-275076 -379393 -769194
-275069 379399 769194
-274871 826612 183198
-274863 -826618 -183184
-274225 -773183 -742071
-274217 773176 742081
-272430 851313 -149301
-272423 -851316 149299
-270894 467464 -947235
-270880 -467453 947243
-269649 -617078 -632937
-269643 617071 632946
-268756 554495 -695902
-268752 -963358 -162764
-268740 -554505 695899
-268727 963363 162767
-266784 -960655 -364013
-266779 960658 364011
-263982 792174 -618047
-263968 -792185 618042
-263550 -340166 -977728
-263541 340172 977728
-263139 332255 -783478
-263130 -332245 783486
-262974 -916863 -327821
-262969 916866 327818
-262447 -1061120 644
-262430 1061130 -641
-261876 861140 -304195
-261865 -861143 304193
-260739 81484 -866734
-260731 -81490 866736
-259942 827487 -199487
-259936 -827490 199485
-259137 810225 -671832
-259121 -810236 671827
-256996 1073510 116277
-256982 -1073510 -116264
-256114 808653 305243
-256112 -808659 -305229
-256079 831084 -256182
-256071 -831087 256180
-255346 -983837 -414747
-255340 983840 414745
-254766 952762 363816
-254764 -952768 -363802
-254404 235203 -965370
-254386 -235191 965379
-254351 -762213 -403749
-254350 762207 403760
-253529 753031 -578038
-253516 -753042 578033
-253058 -910414 -148876
-253035 910419 148878
-253031 870938 52180
-253018 -870942 -52168
-250215 -870964 -598153
-250211 870958 598163
-249551 270777 -1009560
-249532 -270765 1009570
-249069 -11189 -1065920
-249058 11182 1065920
-248028 -332939 -787973
-248021 332945 787973
-245780 -1023300 39811
-245764 1023310 -39809
-245643 -903684 -467858
-245641 903678 467869
-244937 -864194 -315868
-244932 864197 315865
-241131 220927 -911870
-241115 -220914 911879
-240291 802347 -724982
-240273 -802358 724977
-239591 -304223 -940631
-239582 304229 940630
-236392 -872594 -109709
-236371 872599 109710
-235706 477558 -903621
-235694 -477548 903629
-235137 -945481 201265
-235135 945484 -201253
-233465 -1000710 215030
-233463 1000710 -215017
-232244 994551 262442
-232237 -994557 -262428
-231725 -980198 -466429
-231717 980201 466426
-230629 -300051 -831076
-230621 300056 831075
-230577 703284 -562526
-230565 -703294 562520
-230087 -970360 53698
-230074 970364 -53697
-230030 378578 -783743
-230020 -378568 783751
-229596 848011 210299
-229588 -848016 -210287
-228977 34794 -859427
-228969 -34800 859429
-228775 -803593 -726206
-228768 803586 726215
-228090 902557 -361761
-228089 -902554 361769
-227873 318118 -1032610
-227853 -318105 1032620
-227541 -289540 -886952
-227532 289546 886951
-227314 853226 325882
-227312 -853232 -325870
-227030 -546223 -876639
-227028 -710141 -498662
-227026 710136 498670
-227022 546228 876638
-226820 905973 347322
-226819 -905979 -347309
-224336 -531237 -821772
-224329 531242 821772
-224216 956558 -379396
-224214 -956555 379405
-223922 -610944 -810100
-223910 610934 810113
-223595 -807663 -418930
-223594 807658 418940
-223491 -623339 -600188
-223486 623332 600197
-223215 -860033 -55757
-223197 860037 55758
-220765 988699 -95755
-220758 -988702 95752
-220594 1038090 -124093
-220586 -1038090 124089
-220408 -859446 -442396
-220407 859440 442406
-219575 -916478 38585
-219561 916482 -38585
-218870 -45463 -1031930
-218860 45456 1031930
-217804 -572278 -768752
-217792 572268 768764
-217505 -816762 -331357
-217501 816765 331354
-217059 -876095 -1478
-217044 876100 1478
-214636 1062780 152785
-214624 -1062790 -152774
-214586 -535921 -931239
-214578 535926 931238
-214191 462469 -853108
-214180 -462459 853115
-213289 231774 -863401
-213274 -231761 863409
-212494 770650 -763256
-212475 -770661 763249
-212114 426240 -809229
-212103 -426230 809236
-210672 860215 88689
-210660 -860219 -88678
-208573 -660177 -834239
-208559 660167 834251
-208480 -849035 -566223
-208477 849029 566232
-208353 -895983 192616
-208351 895986 -192605
-207261 933459 -92865
-207254 -933462 92861
-207227 -494977 -781341
-207221 494982 781340
-206795 1068390 -170283
-206784 -1068390 170278
-204985 944970 256050
-204979 -944975 -256039
-204162 -11801 -880764
-204153 11794 880766
-204016 891333 236965
-204009 -891338 -236953
-203784 -1046859 230222
-203783 1046870 -230210
-203688 855864 -340162
-203686 -855862 340170
-202249 -950711 -505210
-202241 950715 505206
-201838 198723 -978242
-201828 -198730 978243
-201278 656262 -575667
-201265 -656273 575660
-198718 186697 -1033809
-198708 -186704 1033809
-198327 -58137 -980358
-198317 58131 980359
-195177 364539 -1028330
-195158 -364526 1028340
-195093 -756184 -508781
-195091 756178 508789
-193101 1003400 -388344
-193100 -1003400 388352
-192943 -45816 -925028
-192934 45810 925029
-191856 -554540 -721273
-191846 554530 721284
-190340 -503090 -970943
-190331 503094 970942
-189434 185741 -924207
-189425 -185748 924208
-188304 -807023 -533511
-188302 807017 533519
-188030 -787276 -370137
-188025 787279 370134
-183701 887168 -116195
-183694 -887171 116191
-183195 723628 -776397
-183176 -723639 776390
-183064 1071490 -221949
-183052 -1071490 221944
-182618 -809854 -693457
-182611 809848 693466
-181683 -961275 -280635
-181677 961278 280630
-181084 -976034 41544
-181078 976035 -41535
-180911 152886 -1076020
-180900 -152893 1076020
-180287 -447159 -766179
-180281 447164 766177
-178758 -1032090 51268
-178753 1032090 -51258
-178338 264838 -832948
-178323 -264825 832955
-178042 -653749 -584323
-178037 653743 584331
-177420 1026359 175815
-177409 -1026359 -175805
-175867 -706786 -834700
-175854 706775 834712
-174818 -903279 -520698
-174810 903283 520694
-174518 878068 128893
-174508 -878071 -128885
-173581 1046240 -56475
-173563 -1046240 56482
-173481 624566 -613940
-173467 -624576 613933
-173217 991747 -72994
-173200 -991749 73002
-173011 -1006799 -313720
-173005 1006799 313715
-172286 851446 -504175
-172282 -851442 504183
-169752 -907327 -266872
-169748 907330 266867
-164831 151228 -886183
-164822 -151235 886184
-164409 -783636 -421819
-164402 783639 421815
-164294 904144 -524205
-164289 -904140 524215
-163316 852720 -586016
-163309 -852726 586010
-162511 812512 -545706
-162504 -812518 545701
-161831 1086020 -17469
-161814 -1086020 17475
-160838 937149 -62600
-160822 -937152 62606
-160788 -456527 -985112
-160779 456532 985111
-160290 -865477 191400
-160288 865479 -191390
-160243 673881 -760885
-160226 397602 -997882
-160225 -673892 760877
-160208 -397590 997889
-158393 -924081 46859
-158388 924082 -46850
-157546 828992 -320388
-157545 -828990 320395
-156781 -850611 -508745
-156773 850614 508741
-156398 862231 -159495
-156389 -862233 159489
-155761 1046550 -265248
-155747 -1046550 265243
-155320 973990 179195
-155311 -973994 -179187
-154635 616687 -667090
-154620 -616698 667083
-154497 807401 -472778
-154493 -807397 472787
-154258 919712 162021
-154249 -919716 -162013
-154049 -1071580 242772
-154047 1071590 -242761
-153188 106348 -1093570
-153176 -106355 1093570
-153032 -562483 -680385
-153023 562473 680396
-152970 -806819 -472553
-152963 806822 472549
-152041 -1077230 73423
-152035 1077230 -73414
-150735 -400596 -780348
-150729 400601 780346
-149790 634738 -720876
-149773 -634749 720868
-148120 -790288 -652601
-148114 790282 652609
-147703 1013500 -43629
-147698 -1013500 43622
-146661 -1050320 35693
-146647 1050320 -35696
-146447 871855 -636922
-146438 -871861 636916
-146062 -1031700 -357262
-146055 1031700 357256
-145642 311259 -828672
-145628 -311246 828678
-145478 -700161 -589592
-145473 700155 589600
-144246 762006 -526793
-144240 -762012 526788
-143439 -996531 54096
-143426 996534 -54100
-143085 1030530 -386205
-143083 -1030530 386213
-142740 -1088300 -6543
-142722 1088310 6539
-141215 165407 -1010210
-141200 -165396 1010210
-141116 1100430 33573
-141101 -1100440 -33567
-140417 -859408 -276119
-140413 859411 276113
-140390 957122 -40387
-140386 -957124 40381
-139760 897074 -28077
-139746 -897076 28082
-136494 151707 -955143
-136480 -151696 955148
-134620 104434 -874360
-134612 -104441 874361
-134570 -738280 -811359
-134557 738270 811370
-134526 -750138 -614583
-134520 750131 614591
-133936 -941354 43736
-133923 941356 -43740
-133848 -408709 -969950
-133839 408714 969948
-133064 1063940 -65622
-133058 -1063940 65615
-132725 -1100310 -61294
-132705 1100310 61290
-132667 865328 -211161
-132662 951374 -527504
-132657 -951370 527513
-132657 -865331 211155
-132384 408449 -949412
-132367 -408437 949418
-132201 1000259 -288578
-132187 -1000259 288572
-129459 200509 -1053470
-129444 -200498 1053480
-126488 -367765 -820052
-126482 367770 820050
-123964 358599 -851718
-123949 -358586 851724
-122977 59553 -1081740
-122966 -59560 1081740
-121670 -995073 -209343
-121666 995075 209337
-120725 -598544 -808048
-120719 598549 808046
-120698 -899571 7387
-120685 899574 -7392
-120451 -966646 -138634
-120449 966643 138663
-119301 -1083120 -113892
-119278 1083120 113887
-119111 394173 -895912
-119095 -394160 895918
-118868 895631 -257351
-118856 -895634 257345
-118697 945019 -285688
-118684 -945022 285681
-117793 -1023080 -145704
-117790 1023080 145735
-116987 1085620 82974
-116974 -1085620 -82969
-116767 -890151 65786
-116763 890153 -65779
-116739 -372449 -929519
-116731 372454 929517
-116562 163079 -903032
-116549 -163068 903037
-116422 864791 -684784
-116412 -864797 684778
-115947 -506658 -843419
-115931 506646 843429
-115694 783811 -438428
-115690 -783807 438435
-115631 882258 21324
-115619 -882260 -21319
-115500 -939747 -197379
-115497 939749 197373
-114200 -544208 -886187
-114184 544197 886197
-114045 -357463 -874652
-114038 357468 874650
-113748 -614069 -862385
-113742 614074 862383
-113415 714734 -534346
-113409 -714740 534340
-113086 909917 -56767
-113081 -909918 56761
-111735 -593977 -657045
-111726 593968 657054
-111118 -561776 -765646
-111112 561781 765644
-108089 -1099350 102075
-108084 1099360 -102066
-108056 -1029300 -399594
-108048 1029310 399586
-107274 -882380 -45208
-107258 882382 45203
-106897 57896 -891905
-106888 -57903 891906
-106064 -1041339 -150240
-106039 1041339 150234
-104379 247607 -1073350
-104362 -247596 1073350
-103826 -862136 197943
-103824 862138 -197935
-102399 977446 -33253
-102395 1022550 33263
-102393 -1022550 -33270
-102391 -977446 33278
-102030 829140 -307736
-102029 -829138 307742
-101993 -1042840 -233287
-101989 1042840 233280
-101538 -830360 -305898
-101532 830364 305891
-100397 1094930 -100476
-100389 -1094930 100468
-99406 1034300 -32280
-99402 965701 32291
-99400 -965701 -32298
-99397 -1034300 32306
-99305 -490246 -791497
-99291 490235 791507
-98373 25041 -1043720
-98362 -25048 1043720
-97584 -1068240 249315
-97583 1068240 -249305
-97259 -894385 -99960
-97240 894387 99954
-96560 -986158 -160600
-96536 986161 160594
-95908 1045539 117497
-95898 -1045539 -117493
-95745 -746223 -770471
-95734 746213 770482
-94916 896673 72366
-94906 -896674 -72362
-94534 -592836 -908341
-94516 592825 908351
-94469 -916828 -129399
-94467 916825 129426
-93337 -932371 -142197
-93321 -1016049 -122496
-93321 1016049 122489
-93315 932373 142191
-92058 -604189 -914097
-92051 604194 914095
-90663 -959611 -115425
-90663 959612 115419
-89440 268899 -986734
-89430 -268906 986734
-89089 24084 -934117
-89080 -24091 934117
-87568 1030680 -373553
-87566 -1030670 373560
-87501 -513615 -746539
-87496 513621 746537
-87207 -1071020 -148717
-87204 1071010 148747
-86759 196476 -867839
-86747 -196466 867843
-85969 12058 -989686
-85959 -12065 989686
-85865 980482 -513184
-85860 -980478 513192
-85527 255603 -931506
-85518 -255610 931506
-85136 -891686 -200602
-85133 891688 200596
-83529 990945 127892
-83520 -990946 -127888
-83166 936455 111373
-83157 -936456 -111369
-82355 867327 -492072
-82348 -867332 492066
-81774 795249 -619610
-81766 -795244 619619
-81287 833420 -716778
-81277 -833426 716771
-79029 -640586 -657505
-79020 640576 657515
-78280 683363 -566340
-78273 -683369 566333
-77954 926636 -25312
-77952 1073360 25320
-77949 -1073360 -25329
-77947 -926636 25335
-77813 257160 -1041220
-77802 -257166 1041220
-73417 909172 -529640
-73409 -909177 529634
-73106 884530 -88379
-73100 -884531 88371
-72836 753404 -582043
-72828 -753399 582051
-72691 294081 -1064500
-72675 -294070 1064500
-71262 -938653 -298751
-71247 938646 298780
-69798 -728485 -722992
-69787 728475 723002
-69778 1081960 -22654
-69775 918038 22664
-69773 -918038 -22671
-69770 -1081960 22679
-69304 815826 -471592
-69298 -815830 471586
-69176 -1000259 -429373
-69167 1000259 429365
-68735 -499370 -744333
-68724 846750 -640090
-68722 499359 744342
-68715 -846745 640099
-67358 -883337 93256
-67355 883338 -93250
-67340 -1065870 -131731
-67339 1065870 131723
-67123 220836 -890339
-67114 -220842 890339
-66272 786996 -410328
-66269 -786993 410334
-65093 -993980 -310714
-65077 993972 310744
-64409 -1009749 88636
-64408 -990251 -88636
-64398 990251 88644
-64398 1009749 -88644
-63679 -689819 -681644
-63670 689809 681653
-63531 -827966 -348229
-63525 827969 348222
-62218 -639510 -903945
-62200 639499 903955
-61741 -1070250 -262797
-61736 1070250 262788
-61466 -571553 -949328
-61459 571558 949325
-60077 -911677 -112413
-60077 911678 112406
-58680 -1092540 129543
-58676 1092540 -129537
-58646 -1046340 -80704
-58646 -953659 80703
-58635 953659 -80712
-58634 1046340 80712
-58453 1098160 -138849
-58445 -1098160 138840
-56204 -466968 -755849
-56199 466973 755846
-55072 242950 -858992
-55060 -242940 858996
-54090 -886856 210492
-54088 886858 -210485
-53760 223534 -1080380
-53749 -223541 1080380
-52917 -1063230 72816
-52915 -936774 -72817
-52905 936774 72825
-52904 1063230 -72825
-52013 856269 -305597
-52012 -856267 305603
-51584 -890886 -274808
-51571 890880 274835
-50456 786148 -724330
-50446 -786154 724323
-49521 -1037740 248099
-49520 1037740 -248091
-48256 676299 -614202
-48248 -676304 614195
-46809 -886977 -120477
-46807 886974 120500
-44886 930147 -574229
-44877 -930152 574222
-44304 732429 -537454
-44297 -732424 537462
-42888 327479 -1029310
-42873 -327468 1029310
-41427 1003800 -353779
-41425 -1003800 353785
-39841 -952338 -438619
-39832 952342 438611
-39158 173913 -874264
-39149 -173920 874264
-38715 -863768 -218148
-38711 863770 218141
-37763 768466 -473688
-37756 -768471 473682
-37182 894110 -637995
-37173 -894105 638003
-37171 -909986 51144
-37170 -1090010 -51146
-37159 909986 -51154
-37159 1090010 51153
-36889 -1097600 -146865
-36886 1097600 146891
-36582 -852866 -391771
-36574 852870 391763
-36444 983667 -485085
-36440 -983664 485092
-34729 -1042040 -307492
-34713 1042030 307521
-32624 895484 -10586
-32623 1104520 10590
-32619 -1104520 -10600
-32617 -895484 10606
-32428 -531585 -714565
-32416 531575 714573
-32191 735642 -705418
-32182 -735648 705410
-31386 695434 -665108
-31377 -695440 665101
-31163 887764 -126753
-31156 -887765 126744
-30169 -524905 -958637
-30162 524910 958634
-29990 290048 -878864
-29978 -290038 878867
-27910 -898390 -424856
-27902 898393 424848
-27249 -1099760 37483
-27244 -900238 -37486
-27235 900238 37493
-27233 1099760 -37494
-26563 82049 -981229
-26544 -82038 981232
-25910 -671726 -874178
-25894 671715 874186
-25612 -434332 -791079
-25607 434337 791076
-24409 -933013 225685
-24408 933015 -225678
-23728 177029 -1093700
-23717 -177035 1093700
-23407 -905464 121907
-23404 905464 -121902
-22956 338851 -977194
-22942 -338840 977197
-22737 -988239 239450
-22736 988241 -239443
-22651 95345 -1036459
-22631 -95333 1036459
-21455 1107660 -6954
-21452 892337 6962
-21450 -892337 -6971
-21447 -1107660 6978
-21313 -664428 -775098
-21306 664434 775094
-20899 903110 -314545
-20898 -903108 314550
-20152 916029 -419343
-20148 -916034 419335
-19680 -1095720 -140656
-19679 1095720 140646
-19565 -626878 -732330
-19559 626883 732326
-19476 816104 -396008
-19473 -816101 396014
-18474 1072770 -170461
-18464 -1072780 170450
-18235 325150 -922129
-18222 -325139 922132
-17054 -1058610 148472
-17051 1058610 -148466
-17024 957111 -332180
-17023 -957109 332186
-16161 969195 -183578
-16141 -969192 183601
-14934 93787 -926739
-14917 -93776 926742
-12159 863331 -399312
-12155 -863336 399304
-11701 -1069950 -289964
-11695 1069960 289954
-11331 -863477 -245301
-11320 863471 245324
-9759 -885091 -114267
-9758 885092 114259
-9125 127408 -887588
-9117 -127415 887587
-8849 1025570 -186819
-8828 -1025570 186842
-6553 -476745 -939531
-6546 476750 939528
-5739 -890433 7879
-5736 -1109570 -7882
-5726 1109570 7889
-5725 890433 -7890
-5640 -1006660 153778
-5635 1006660 -153787
-4673 -680840 -827021
-4665 680845 827017
-4407 924632 -613893
-4397 -924638 613885
-4246 130112 -1077620
-4225 -130101 1077630
-3922 -424452 -842791
-3916 424457 842788
-3823 737943 -497792
-3818 -737939 497798
-3315 -950603 144055
-3309 950602 -144063
-3068 -439987 -897121
-3059 439979 897127
-2364 960073 -450741
-2359 -960078 450732
-1520 918755 -161586
-1502 -918752 161607
-112 -578260 -710170
-100 578250 710177
0 890067 -3849
0 902871 51632
0 906720 -58299
0 941700 93279
0 948367 -97129
0 996151 109933
0 1003849 -109933
0 1051630 97129
0 1058300 -93279
0 1093280 58299
0 1097130 -51632
0 1109930 3849
8 -996151 -109933
8 -941700 -93279
9 -1051630 -97129
9 -902871 -51632
11 -1093280 -58299
11 -890067 3849
13 -1109930 -3849
13 -906720 58299
15 -1097130 51632
15 -948367 97129
16 -1003849 109933
17 -1058300 93279
101 -578251 -710176
106 578256 710172
1503 918752 -161606
1512 -918754 161596
2359 960077 -450734
2362 -960074 450740
3053 -439976 -897128
3059 439981 897125
3310 -950602 144063
3313 950603 -144058
3818 737939 -497798
3825 -737944 497790
3909 -424463 -842784
3917 424455 842790
4236 130106 -1077630
4247 -130113 1077620
4399 924637 -613886
4407 -924632 613893
4658 -680850 -827014
4674 680839 827021
5635 -1006660 153786
5638 1006660 -153781
5717 -1109570 -7895
5725 -890433 7890
5732 890433 -7884
5736 1109570 7882
6537 -476756 -939524
6547 476748 939529
8830 1025570 -186841
8839 -1025570 186830
9117 127414 -887587
9133 -127402 887589
9758 -885092 -114257
9760 885090 114276
11325 -863474 -245316
11329 863476 245307
11692 -1069960 -289948
11707 1069950 289974
12155 863335 -399306
12158 -863331 399311
14926 93781 -926740
14935 -93787 926739
16142 969192 -183600
16151 -969194 183589
17022 957108 -332187
17025 -957112 332178
17049 -1058610 148462
17055 1058610 -148473
18230 325146 -922130
18237 -325152 922129
18455 1072780 -170440
18475 -1072770 170462
19472 816100 -396015
19476 -816105 396006
19553 -626887 -732324
19566 626877 732331
19678 -1095720 -140644
19681 1095710 140667
20148 916032 -419337
20151 -916029 419342
20897 903107 -314551
20899 -903111 314543
21300 -664438 -775092
21314 664427 775099
21447 892337 6980
21447 1107660 -6979
21451 -1107660 6967
21452 -892337 -6963
22640 95338 -1036459
22651 -95345 1036459
22735 -988242 239440
22737 988240 -239447
22950 338846 -977196
22959 -338852 977194
23402 -905465 121899
23408 905463 -121908
23717 177035 -1093700
23739 -177024 1093700
24407 -933015 225676
24409 933013 -225682
25600 -434343 -791073
25607 434335 791078
25895 -671716 -874185
25903 671721 874181
26553 82043 -981231
26563 -82049 981229
27227 -900238 -37499
27233 -1099760 37494
27241 1099760 -37488
27244 900238 37486
27897 -898395 -424843
27921 898385 424866
29985 290044 -878865
29992 -290050 878864
30153 -524916 -958631
30163 524908 958636
31149 887766 -126735
31164 -887764 126754
31382 695437 -665104
31391 -695432 665110
32187 735645 -705414
32197 -735640 705420
32417 -531576 -714573
32423 531581 714569
32616 1104520 10611
32617 895484 -10607
32620 -895484 10597
32622 -1104520 -10591
34719 -1042040 -307510
34725 1042040 307499
36438 983663 -485093
36444 -983669 485082
36570 -852871 -391759
36591 852862 391780
36887 -1097600 -146879
36888 1097600 146867
37148 -1090010 -51161
37159 -909986 51154
37165 909986 -51149
37170 1090010 51146
37174 894105 -638002
37184 -894111 637993
37758 768470 -473683
37763 -768466 473689
38709 -863771 -218136
38718 863766 218156
39150 173919 -874264
39166 -173908 874265
39827 -952344 -438606
39852 952334 438629
41425 1003800 -353787
41428 -1003800 353777
42882 327474 -1029310
42891 -327480 1029300
44297 732424 -537461
44305 -732430 537453
44879 930151 -574223
44886 -930147 574230
46808 -886976 -120490
46809 886977 120480
48252 676302 -614198
48260 -676297 614204
49519 -1037740 248088
49521 1037740 -248096
50451 786152 -724326
50462 -786146 724332
51576 -890882 -274825
51581 890885 274815
52011 856266 -305605
52014 -856270 305595
52895 -936774 -72832
52904 -1063230 72825
52911 1063230 -72820
52915 936774 72817
53750 223540 -1080380
53771 -223529 1080380
54088 -886859 210483
54090 886857 -210490
55067 242946 -858994
55074 -242952 858992
56193 -466979 -755843
56200 466971 755847
58436 1098160 -138831
58455 -1098160 138850
58623 -1046340 -80720
58635 -953659 80712
58640 953659 -80708
58646 1046340 80703
58674 -1092540 129533
58681 1092540 -129545
60077 -911678 -112404
60078 911676 112421
61450 -571564 -949322
61460 571556 949327
61733 -1070250 -262783
61746 1070250 262805
62201 -639500 -903954
62210 639506 903949
63521 -827971 -348218
63539 827962 348238
63668 -689808 -681653
63673 689813 681649
64387 -990252 -88652
64398 -1009749 88644
64403 1009749 -88640
64409 990251 88636
65083 -993975 -310733
65089 993978 310721
66268 786993 -410336
66272 -786997 410326
67114 220842 -890339
67131 -220831 890340
67339 -1065870 -131721
67341 1065860 131740
67352 -883339 93245
67359 883337 -93257
68716 846746 -640098
68723 -499360 -744341
68726 -846752 640089
68729 499366 744337
69162 -1000259 -429360
69187 1000250 429382
69299 815830 -471587
69305 -815825 471593
69769 1081960 -22682
69770 918038 22679
69774 -1081960 22668
69775 -918038 -22665
69785 -728474 -723002
69791 728479 722998
71253 -938649 -298769
71258 938652 298758
72684 294076 -1064500
72694 -294083 1064500
72828 753399 -582051
72837 -753405 582041
73094 884532 -88364
73107 -884529 88379
73411 909176 -529635
73417 -909172 529640
77802 257166 -1041220
77823 -257156 1041220
77946 926636 -25338
77946 1073360 25338
77950 -926636 25325
77952 -1073360 -25321
78277 683366 -566336
78285 -683361 566341
79019 -640575 -657515
79023 640580 657511
81282 833424 -716774
81293 -833418 716779
81766 795244 -619618
81776 -795250 619609
82349 867332 -492067
82355 -867327 492073
83165 936455 111373
83172 -936454 -111376
83528 990945 127892
83535 -990944 -127895
85131 -891689 -200592
85139 891684 200609
85519 255608 -931506
85536 -255598 931506
85859 980478 -513194
85865 -980483 513182
85958 12066 -989685
85973 -12055 989686
86754 196472 -867840
86761 -196478 867838
87206 -1071010 -148732
87207 1071020 148720
87490 -513626 -746534
87497 513619 746538
87566 1030670 -373563
87569 -1030680 373551
89079 24092 -934117
89093 -24081 934117
89431 268905 -986734
89449 -268894 986734
90663 -959612 -115417
90664 959609 115432
92043 -604200 -914092
92052 604192 914096
93316 -932373 -142191
93321 -1016049 -122488
93322 1016049 122504
93328 932372 142194
94468 -916826 -129414
94469 916828 129402
94518 -592825 -908350
94526 592831 908345
94915 896673 72366
94922 -896672 -72369
95732 -746212 -770482
95738 746217 770478
95907 1045539 117497
95915 -1045539 -117500
96537 -986160 -160595
96550 986159 160598
97241 -894387 -99955
97251 894386 99958
97582 -1068250 249302
97584 1068240 -249311
98361 25049 -1043720
98377 -25038 1043720
99292 -490236 -791506
99299 490241 791501
99396 1034300 -32309
99397 965701 32305
99401 -1034300 32294
99402 -965701 -32292
100382 1094930 -100460
100398 -1094930 100476
101529 -830365 -305888
101545 830357 305905
101986 -1042840 -233275
101997 1042840 233294
102028 829137 -307744
102030 -829141 307734
102390 977446 -33281
102391 1022550 33278
102394 -977446 33267
102395 -1022550 -33264
103824 -862139 197932
103826 862137 -197940
104372 247602 -1073350
104382 -247608 1073340
106040 -1041339 -150235
106054 1041339 150238
106887 57904 -891906
106900 -57893 891905
107259 -882382 -45204
107267 882381 45206
108043 -1029310 -399582
108066 1029300 399602
108081 -1099360 102061
108090 1099350 -102076
111106 -561787 -765641
111113 561779 765645
111724 -593967 -657055
111729 593972 657051
113076 909919 -56755
113087 -909916 56767
113412 714737 -534343
113419 -714732 534347
113734 -614080 -862381
113743 614072 862384
114031 -357473 -874648
114041 357463 874652
114185 -544198 -886197
114193 544204 886191
115495 -939750 -197369
115503 939745 197385
115630 882258 21323
115639 -882257 -21327
115689 783807 -438436
115694 -783812 438425
115932 -506648 -843429
115940 506653 843423
116417 864795 -684780
116427 -864789 684785
116557 163074 -903034
116564 -163080 903031
116723 -372460 -929515
116735 372450 929519
116760 -890153 65774
116768 890151 -65787
116985 1085620 82973
116995 -1085620 -82977
117792 -1023080 -145720
117793 1023080 145707
118672 945024 -285675
118696 -945019 285688
118846 895636 -257338
118867 -895631 257352
119104 394168 -895915
119111 -394174 895912
119279 -1083120 -113887
119291 1083120 113889
120450 -966644 -138649
120451 966646 138636
120686 -899574 7391
120693 899572 -7389
120712 -598555 -808044
120719 598547 808047
121664 -995076 -209333
121673 995071 209349
122964 59561 -1081740
122981 -59550 1081740
123957 358594 -851721
123964 -358599 851718
126475 -367776 -820048
126484 367766 820052
129454 200504 -1053480
129463 -200510 1053470
132175 1000259 -288566
132200 -1000259 288579
132376 408444 -949414
132384 -408450 949412
132648 865333 -211150
132655 951370 -527514
132662 -951376 527501
132667 -865328 211162
132706 -1100310 -61291
132717 1100310 61293
133052 1063940 -65609
133065 -1063940 65623
133831 -408720 -969946
133843 408710 969950
133924 -941356 43739
133930 941355 -43738
134519 -750129 -614594
134523 750134 614588
134555 -738270 -811371
134561 738274 811366
134611 104442 -874361
134623 -104431 874360
136488 151702 -955145
136497 -151708 955142
139759 897074 -28077
139770 -897072 28072
140381 957125 -40376
140391 -957122 40387
140410 -859413 -276110
140424 859405 276125
141114 1100430 33572
141125 -1100430 -33577
141209 165402 -1010210
141218 -165408 1010210
142724 -1088310 -6540
142733 1088310 6541
143082 1030520 -386215
143086 -1030530 386202
143427 -996534 54099
143433 996532 -54098
144243 762009 -526790
144250 -762004 526794
145471 -700152 -589602
145475 700157 589597
145636 311254 -828674
145643 -311259 828671
146051 -1031700 -357252
146071 1031690 357269
146442 871859 -636918
146452 -871854 636923
146648 -1050320 35696
146655 1050320 -35694
147693 1013500 -43617
147703 -1013500 43629
148112 -790279 -652612
148117 790284 652605
149778 634745 -720870
149787 -634740 720874
150722 -400607 -780345
150731 400597 780348
152031 -1077230 73408
152041 1077230 -73424
152960 -806824 -472546
152984 806813 472560
153021 -562472 -680397
153026 562477 680392
153175 106356 -1093570
153192 -106345 1093570
154047 -1071590 242756
154049 1071580 -242767
154256 919713 162019
154261 -919711 -162025
154492 807397 -472788
154498 -807402 472776
154625 616695 -667085
154633 -616689 667089
155318 973991 179194
155323 -973989 -179200
155736 1046559 -265237
155760 -1046550 265249
156382 862236 -159485
156398 -862231 159495
156769 -850616 -508738
156795 850605 508753
157544 828989 -320397
157547 -828993 320385
158385 -924083 46844
158394 924080 -46860
160218 397597 -997885
160227 -397603 997882
160231 673889 -760879
160240 -673883 760883
160287 -865480 191387
160290 865478 -191396
160770 -456538 -985109
160783 456528 985113
160836 937150 -62600
160849 -937148 62595
161828 1086020 -17469
161841 -1086020 17464
162508 812516 -545703
162515 -812511 545706
163313 852723 -586012
163321 -852718 586016
164287 904139 -524217
164294 -904145 524204
164399 -783641 -421812
164420 783631 421826
164821 151237 -886184
164834 -151225 886183
169745 -907331 -266864
169758 907323 266878
172280 851441 -504186
172287 -851447 504173
173002 -1006799 -313711
173019 1006790 313726
173215 991747 -72995
173229 -991745 72989
173472 624573 -613935
173479 -624568 613939
173578 1046240 -56476
173592 -1046240 56470
174516 878068 128892
174522 -878066 -128898
174806 -903285 -520692
174833 903274 520705
175852 -706775 -834712
175859 706779 834707
177417 1026359 175813
177424 -1026359 -175820
178035 -653741 -584334
178039 653745 584328
178331 264833 -832951
178338 -264838 832947
178749 -1032090 51251
178759 1032090 -51269
180275 -447170 -766176
180284 447160 766179
180898 152894 -1076020
180915 -152882 1076020
181074 -976036 41528
181084 976033 -41546
181675 -961280 -280627
181689 961271 280641
182608 -809845 -693469
182614 809850 693462
183042 1071490 -221940
183064 -1071490 221950
183182 723636 -776392
183191 -723631 776395
183688 887173 -116187
183701 -887168 116196
188022 -787281 -370131
188040 787271 370143
188300 -807015 -533523
188302 807019 533516
189424 185749 -924208
189438 -185737 924206
190323 -503100 -970941
190335 503090 970944
191844 -554530 -721285
191849 554534 721280
192935 -45809 -925029
192945 45820 925028
193099 1003400 -388355
193103 -1003400 388340
195089 -756176 -508793
195092 756181 508787
195169 364534 -1028340
195178 -364539 1028330
198318 -58130 -980359
198329 58141 980357
198706 186706 -1033809
198722 -186694 1033809
201269 656270 -575662
201276 -656264 575665
201827 198731 -978243
201842 -198720 978241
202237 -950717 -505202
202265 950706 505216
203686 855861 -340173
203689 -855865 340158
203782 -1046870 230206
203784 1046859 -230217
204013 891334 236962
204017 -891331 -236969
204154 -11793 -880766
204164 11804 880764
204983 944972 256047
204986 -944969 -256054
206775 1068400 -170274
206795 -1068390 170283
207214 -494987 -781339
207224 494977 781342
207249 933464 -92858
207261 -933459 92865
208351 -895987 192600
208353 895984 -192611
208475 -849027 -566235
208478 849031 566229
208557 -660166 -834252
208564 660171 834246
210669 860216 88687
210677 -860213 -88694
212111 426238 -809231
212117 -426243 809228
212481 770658 -763251
212491 -770652 763254
213282 231769 -863404
213289 -231774 863400
214189 462467 -853110
214195 -462472 853106
214570 -535932 -931237
214582 535921 931240
214633 1062780 152783
214640 -1062780 -152791
217046 -876099 -1478
217054 876097 1477
217498 -816767 -331351
217515 816757 331362
217790 -572268 -768765
217796 572272 768759
218861 -45455 -1031930
218873 45467 1031930
219563 -916482 38584
219570 916479 -38585
220405 -859437 -442411
220406 859442 442404
220578 1038090 -124086
220594 -1038090 124093
220751 988705 -95749
220765 -988699 95756
223199 -860037 -55758
223208 860034 55757
223484 -623330 -600200
223488 623335 600194
223593 -807655 -418946
223593 807659 418938
223908 -610933 -810114
223914 610938 810108
224213 956554 -379408
224217 -956559 379393
224322 -531247 -821771
224332 531237 821773
226819 905976 347316
226820 -905972 -347325
227015 -546234 -876637
227024 -710134 -498674
227026 546224 876639
227026 710138 498667
227313 853228 325877
227314 -853224 -325886
227522 -289553 -886951
227536 289542 886952
227864 318112 -1032610
227873 -318118 1032610
228088 902553 -361772
228091 -902558 361757
228765 -803584 -726219
228771 803589 726211
228969 34801 -859429
228978 -34790 859427
229593 848012 210296
229597 -848009 -210303
230028 378576 -783745
230033 -378581 783741
230075 -970364 53697
230082 970361 -53698
230569 703291 -562522
230575 -703286 562524
230611 -300063 -831075
230625 300053 831076
231714 -980203 -466423
231739 980192 466434
232242 994553 262438
232245 -994550 -262446
233462 -1000710 215013
233465 1000710 -215025
235134 -945485 201248
235137 945482 -201260
235704 477556 -903623
235710 -477561 903619
236373 -872598 -109711
236384 872596 109710
239570 -304236 -940630
239586 304226 940631
240279 802354 -724978
240288 -802349 724981
241124 220922 -911874
241132 -220928 911870
244930 -864199 -315863
244946 864189 315872
245640 -903675 -467875
245641 903680 467866
245766 -1023310 39808
245774 1023310 -39810
248012 -332952 -787973
248024 332941 787973
249059 -11181 -1065920
249071 11192 1065920
249543 270772 -1009570
249552 -270778 1009560
250209 -870955 -598167
250213 870960 598159
253029 870939 52178
253037 -870936 -52187
253039 -910418 -148879
253051 910416 148877
253520 753039 -578034
253527 -753033 578036
254349 -762204 -403765
254349 762208 403757
254396 235198 -965374
254405 -235204 965370
254764 952765 363810
254766 -952760 -363820
255336 -983842 -414742
255359 983831 414752
256060 831090 -256178
256083 -831083 256183
256112 808656 305237
256114 -808652 -305246
256992 1073510 116274
257000 -1073500 -116284
259126 810233 -671829
259133 -810227 671831
259927 827494 -199483
259946 -827486 199488
260731 81492 -866736
260741 -81480 866733
261853 861146 -304191
261880 -861139 304196
262432 -1061130 641
262441 1061130 -643
262967 -916867 -327816
262984 916857 327825
263137 332252 -783480
263142 -332257 783476
263528 -340179 -977728
263545 340169 977728
263972 792182 -618043
263980 -792177 618045
266776 -960660 -364009
266795 960649 364018
268730 -963362 -162767
268743 963360 162765
268747 554502 -695899
268755 -554497 695900
269641 -617069 -632950
269646 617074 632942
270891 467461 -947237
270898 -467466 947233
272416 851319 -149298
272433 -851312 149302
274214 -773173 -742085
274221 773178 742077
274868 826614 183194
274872 -826611 -183203
275060 -379405 -769195
275072 379395 769195
275547 -681224 -505876
275550 681228 505868
275567 572072 -749629
275576 -572067 749631
275606 -1073690 -53311
275617 1073690 53308
275753 909608 -330657
275781 -909600 330661
276218 562621 -640038
276226 -562616 640039
278486 1026790 254421
278490 -1026790 -254431
279242 -1017239 -147655
279255 1017239 147652
279885 -732974 -464314
279903 732965 464320
280821 35508 -1073230
280834 -35497 1073230
281759 -1057630 -107591
281771 1057620 107588
283784 -755450 -516485
283805 755441 516491
288595 -736842 -408177
288611 736833 408183
290181 896184 -119070
290197 -896176 119073
290244 907364 29148
290254 -907361 -29159
290930 115766 -900729
290939 -115755 900726
291718 492792 -752106
291725 -492798 752101
292535 -928516 -488513
292537 928521 488503
292977 -387751 -988305
292994 387741 988304
293146 1055650 76069
293156 -1055650 -76080
294035 963490 -328486
294053 -115726 -899651
294063 -963482 328488
294063 115736 899648
294850 610624 -786832
294860 -610619 786833
295978 594255 -597015
295985 -594250 597016
298526 -81431 -854418
298535 81440 854415
299248 -798248 -550711
299270 798239 550716
300529 529889 -794396
300536 -529895 794390
302319 -866924 -620760
302323 866929 620752
302568 299679 -808508
302574 -299684 808504
303661 981058 370939
303662 -981053 -370950
303963 -883143 67061
303971 883140 -67065
304137 -636634 -673808
304143 636640 673800
304432 -735263 -400938
304433 735267 400929
304509 -426977 -779772
304521 426967 779771
305503 784201 290927
305505 -784197 -290937
305636 82104 -1051890
305649 -82092 1051890
305686 444724 -724967
305693 -444730 724961
306778 -726761 -736817
306784 726767 736808
307581 -766018 -363116
307596 766008 363121
307725 -128429 -953446
307736 128439 953442
308463 950066 -116898
308479 -950058 116900
310322 434888 -972265
310329 -434893 972260
311472 128441 -952300
311483 -128428 952296
311776 -842753 27694
311784 842750 -27697
311800 1008350 -298257
311828 -1008350 298259
312344 959732 25767
312354 -959728 -25779
313271 -936044 85957
313278 936041 -85961
313406 1014010 42942
313416 -1014010 -42953
316855 116120 -1007630
316867 -116108 1007630
317731 -676785 -711825
317737 676790 711817
319945 -34733 -829867
319953 34742 829864
320026 -434205 -969527
320042 434194 969526
321430 659828 -797539
321440 -659823 797540
322133 -849900 -557821
322156 849890 557825
322363 998527 -143364
322381 -998519 143365
322733 640927 -578357
322740 -640922 578357
324289 1032180 -248072
324314 -1032170 248073
327658 -677193 -528469
327661 677197 528461
327707 832873 162919
327711 -832870 -162929
328155 1028580 -191378
328177 -1028570 191378
328467 -462920 -816870
328481 462910 816869
329756 546074 -840504
329764 -546080 840498
331325 1033050 234147
331329 -1033050 -234158
331755 -812683 -341205
331769 812674 341209
334615 -825697 -21597
334625 825693 21592
334918 -231576 -824335
334928 231569 824333
335878 -116138 -1001390
335889 116147 1001379
337205 -987281 79317
337213 987278 -79322
337426 -467093 -926425
337442 467083 926423
337755 289585 -852122
337761 -289590 852117
338690 398564 -720250
338696 -398570 720244
340516 -477604 -870548
340530 477593 870547
341025 -220945 -879939
341036 220938 879938
343431 388565 -972000
343438 -388570 971995
345158 -264477 -779004
345167 264470 779002
346307 -896566 -535910
346329 896556 535913
348185 706500 -778881
348195 -706495 778882
348526 -927303 -498795
348528 927308 498785
349313 690131 -589064
349320 -690126 589064
350842 -838014 -627962
350847 838019 627953
352571 11854 -832577
352579 -11844 832573
354640 -864335 -348315
354655 864326 348318
359270 304674 -902635
359277 -304679 902631
359820 557942 -681674
359825 -557949 681667
360407 983274 366793
360408 -983269 -366806
360423 -734050 -411220
360424 734055 411211
361347 340903 -946514
361355 -340908 946509
361842 -235434 -930919
361854 235426 930917
362249 786418 286781
362251 -786413 -286792
365293 -925741 -490849
365314 925731 490851
366362 -836545 -67604
366373 836541 67599
367945 738134 -735858
367954 -738129 735858
368597 728683 -626267
368604 -728678 626266
369001 -310832 -756094
369010 310825 756092
369117 806073 -152564
369136 -806064 152562
369352 -1023130 48922
369361 1023120 -48927
369392 -699121 -560400
369395 699126 560391
369829 509387 -653665
369834 -509395 653657
370104 -907133 -382541
370120 907123 382543
370969 -82143 -1030629
370981 82152 1030629
371570 537011 -878077
371578 -537017 878070
371698 783428 -204743
371720 -783419 204742
373951 865113 154903
373956 -865109 -154914
374003 -929609 -434712
374022 929599 434714
374923 596132 -721115
374930 -596139 721108
375416 746253 -679997
375425 -746248 679997
375820 -843125 124279
375826 843121 -124284
376600 1011649 207045
376605 -1011649 -207057
379002 849530 -117124
379020 -849520 117122
381717 498460 -644874
381725 -498455 644873
381885 366682 -739219
381892 -366688 739212
382777 -791972 -617843
382782 791976 617833
383364 -895344 145691
383369 895340 -145697
385358 490432 -701127
385367 -490427 701127
386054 787662 -259681
386078 -787652 259679
387612 -150780 -813433
387626 150795 813424
387661 45848 -861821
387671 -45839 861817
389567 -741133 -593113
389571 741138 593104
389843 -185475 -858526
389858 185490 858518
391545 -801789 88414
391551 801786 -88419
391792 -271158 -963613
391804 271151 963611
392993 529823 -598706
393000 -529818 598706
395927 -680866 -419567
395940 680858 419569
398510 -872389 -98000
398522 872385 97993
398609 -900362 -495968
398611 900367 495956
398705 902154 -107920
398722 -902144 107917
400058 -358221 -761743
400067 358214 761741
401099 -1033970 2914
401109 1033970 -2921
401210 914694 161294
401215 -914690 -161306
401598 -677407 -476119
401613 677399 476120
402179 968332 180379
402185 -968327 -180392
402269 463481 -644592
402274 -463487 644584
402940 507889 -752394
402950 -507884 752394
403595 -35555 -1033339
403607 35565 1033339
403793 -709302 -370867
403805 709293 370868
405295 -103921 -786345
405308 103936 786336
407319 -758891 -431858
407320 758896 431847
408337 817641 -302657
408364 -817631 302654
409797 958819 352483
409798 -958814 -352496
411093 613725 -761420
411099 -613732 761412
411145 814711 293910
411147 -814706 -293922
411391 -198710 -909543
411407 198725 909534
412155 -944453 146914
412161 944449 -146920
413508 621356 -599897
413511 -621362 599890
414765 505128 -897046
414774 -505135 897038
415814 58140 -909764
415824 -58131 909759
416164 576117 -574996
416171 -576112 574995
419286 -699852 -525368
419303 699844 525369
419704 572250 -571748
419707 -572255 571741
422444 -923627 -104640
422456 923622 104633
422849 -318548 -969263
422861 318540 969260
422945 949845 -127419
422964 -949835 127414
423088 -755095 -343067
423100 755087 343067
423699 357619 -776791
423706 -357625 776784
423938 -1016920 -46376
423950 1016910 46369
425013 11141 -1008790
425025 -11132 1008790
426325 -782412 47707
426332 782408 -47713
428247 -797258 201737
428250 797255 -201742
429366 -854911 -480787
429367 854916 480776
429486 45437 -963559
429497 -45427 963553
429752 546155 -784938
429762 -546149 784937
430008 -393946 -794438
430017 393939 794435
431751 -976528 -85744
431764 976523 85736
432553 -803129 -457322
432555 803134 457310
432577 865331 -322155
432606 -865322 322150
433828 -848867 225138
433831 848863 -225144
434226 660866 -635280
434229 -660872 635272
436629 -162524 -800341
436634 162519 800340
438154 -57454 -784521
438167 57469 784512
438597 914247 331843
438599 -914241 -331857
439091 861499 310404
439093 -861494 -310417
439614 -195478 -754002
439619 195473 754001
444253 -742187 -554120
444271 742179 554119
445021 624937 -580096
445029 -624932 580095
445228 979824 -170394
445250 -979813 170388
446481 -186939 -952813
446498 186954 952803
446692 -364903 -946352
446704 364896 946349
447768 458969 -892329
447777 -458975 892321
448448 432520 -656887
448453 -432527 656878
448643 -805976 -343616
448655 805967 343616
449540 -754769 170377
449544 754765 -170383
450030 682682 -509403
450032 -682687 509395
450825 -408434 -845417
450835 408427 845414
451153 526705 -558376
451155 -526710 558369
451534 -151745 -854228
451540 151740 854227
452280 917955 -312952
452308 -917946 312945
452684 632973 -481761
452685 -632977 481753
452926 373804 -822900
452934 -373810 822892
454479 -977295 127619
454486 977291 -127625
456932 -397804 -901022
456943 397797 901019
458585 -746278 291621
458587 746273 -291627
458609 594975 -790037
458620 -594970 790036
458636 606007 -791788
458643 -606014 791779
459584 984058 -225332
459608 -984047 225325
459690 -241776 -727627
459694 241771 727626
461736 410901 -865189
461744 -410907 865181
461856 -797261 316765
461858 797256 -316771
462165 961412 -277512
462192 -961402 277505
463739 755163 -125864
463759 -755151 125858
464788 -895766 234310
464791 895762 -234317
465153 797831 -88186
465171 -797819 88179
466346 -691227 386865
466346 691223 -386870
466870 -741570 413464
466871 741566 -413469
469083 -219658 -758716
469097 219677 758703
469808 -793068 -554669
469826 793059 554668
470841 -790186 13065
470849 790182 -13072
471833 663202 -612639
471841 -663197 612637
473609 -848310 -372367
473622 848302 372366
475435 723734 -539594
475437 -723739 539586
476305 680193 -668416
476309 -680199 668408
477384 -23830 -808451
477398 23845 808440
477783 -254901 -802584
477799 254919 802571
479735 732894 -175768
479758 -732881 175760
480336 -166029 -901224
480342 166023 901223
481780 641269 -766327
481790 -641263 766325
482685 587926 -464072
482687 -587931 464065
482848 -172573 -729807
482862 172591 729794
483600 849465 -72830
483618 -849453 72822
483789 -702745 264941
483792 702740 -264948
485711 -153315 -976742
485730 153330 976732
486120 432635 -629197
486128 -432630 629195
488792 463705 -581555
488798 -463699 581554
489103 -838861 -526869
489120 838853 526867
489415 680660 -663906
489424 -680655 663904
491298 -870755 -421617
491312 870747 421615
491477 -289013 -728284
491481 289008 728282
492003 -732783 139462
492007 732779 -139469
492727 -842033 333635
492729 842028 -333642
493056 672632 -720160
493065 -672626 720158
494335 -646843 364755
494336 646839 -364761
495769 -784382 437425
495769 784378 -437432
495991 424802 -687255
495997 -424809 687246
496969 -867297 -478168
496985 867288 478166
498996 -985069 92977
499003 985064 -92985
499428 496925 -563363
499431 -496931 563355
499916 -648869 -355095
499934 648858 355090
500225 424778 -683800
500233 -424773 683798
503040 -621141 -404729
503061 621130 404724
504815 575047 -804083
504822 -575054 804074
506618 -268859 -849657
506634 268878 849643
507522 509661 -553641
507529 -509657 553639
508857 736990 -224526
508881 -736978 224517
512474 -12059 -851721
512489 12074 851709
512831 -925389 226796
512835 925384 -226804
513120 -693907 -322853
513136 693895 322848
513165 -823028 -6229
513174 823023 6221
514136 896230 -83910
514155 -896217 83900
515317 -201548 -928737
515323 201542 928735
515390 -126262 -723605
515404 126281 723591
518570 -106849 -974919
518588 106864 974907
521657 -618152 -458457
521679 618140 458451
522092 745130 -564243
522093 -745135 564234
526458 -324532 -755796
526462 324527 755794
527326 442240 -730734
527335 -442235 730732
528471 674158 -690426
528475 -674164 690417
528903 -126239 -713816
528912 126231 713811
530716 -678327 243874
530719 678322 -243882
531996 559612 -461078
531998 -559617 461070
532160 442395 -727560
532167 -442402 727550
533032 -93129 -759955
533042 93120 759950
533776 -965692 52270
533784 965687 -52279
534022 -25294 -902737
534038 25309 902726
536253 -59989 -947831
536271 60004 947819
537255 529139 -795011
537262 -529146 795000
537295 558194 -552933
537301 -558189 552931
539114 -744185 -316644
539131 744173 316638
540680 -287910 -691541
540693 287924 691527
541957 -872137 -5006
541965 872133 4997
542017 742990 -35584
542032 -742978 35571
542925 -868598 337712
542927 868593 -337720
543301 766355 -259073
543328 -766343 259062
543340 -620310 353060
543340 620306 -353067
544257 -737193 117276
544262 737189 -117283
544842 -172545 -684763
544850 172535 684758
545298 -808192 452329
545298 808188 -452336
547103 -248785 -929394
547110 248779 929392
547264 480585 -767001
547271 -480592 766991
547861 -257791 -887323
547880 257809 887308
548227 700413 -72877
548244 -700401 72865
548579 925595 -118457
548601 -925582 118446
549501 -924356 16405
549509 924351 -16414
550491 -240535 -661515
550503 240550 661500
550776 -640702 -501882
550800 640691 501874
551594 490890 -585374
551597 -490896 585365
555259 -338816 -802792
555264 338811 802790
555443 -323859 -733158
555457 323873 733142
556124 -82084 -810817
556134 82074 810812
557990 -93134 -741770
558005 93153 741755
558047 793899 -15746
558062 -793886 15732
560162 480341 -757423
560171 -480336 757420
565086 -929798 204610
565090 929794 -204618
567179 -295083 -903019
567185 295078 903017
570131 596295 -579622
570137 -596290 579620
570164 -328037 -856679
570170 328031 856677
570934 -786233 -338131
570951 786221 338123
573837 813120 -270153
573865 -813107 270140
575013 677576 -117634
575032 -677563 117620
576578 -219635 -680581
576586 219626 680576
576746 644378 -695413
576751 -644385 695404
577499 741136 -576745
577502 -741141 576735
577701 929692 -167215
577725 -929679 167202
580097 396543 -546719
580101 -396539 546717
582247 -194429 -651125
582259 194443 651109
582596 -682750 -523369
582621 682738 523360
585769 365642 -594207
585774 -365638 594205
586791 -679566 234065
586794 679561 -234073
587403 555618 -473580
587405 -555623 473571
589934 528872 -756716
589943 -528867 756713
590461 -224663 -905488
590480 224682 905472
590639 -586290 -317518
590650 586282 317513
590823 -338750 -775213
590839 338764 775197
591989 -96063 -852774
592000 96054 852769
592022 839498 -18679
592037 -839485 18664
592284 864754 -254797
592301 -766816 109762
592306 766811 -109771
592312 -864741 254782
593673 510217 -618510
593677 -510223 618500
593698 907423 -217119
593725 -907409 217105
593865 442263 -515698
593870 -442259 515696
597232 613757 -626556
597239 -613751 626553
597334 -630842 -282697
597344 630834 282692
599000 -869837 327903
599002 869833 -327912
599233 -82066 -779436
599249 82085 779419
600053 -808784 -381556
600072 808771 381547
600228 -618738 354913
600229 618734 -354920
600291 -355391 -613548
600299 355405 613534
602187 -806620 454182
602187 806616 -454189
603851 -558911 -365664
603863 558902 365659
604462 685784 35567
604475 -685770 -35585
606229 -307671 -583056
606236 307685 583042
607549 -907812 173695
607553 907808 -173704
608195 598833 -682041
608199 -598840 682031
608590 -733029 -517159
608615 733017 517150
608665 574830 -728801
608674 -574825 728798
609362 357841 -645439
609367 -357837 645437
610705 -56978 -659616
610714 56969 659609
611336 605900 -681160
611345 -605895 681156
614391 549727 -653892
614395 -549733 653883
615198 680598 -157861
615219 -680585 157845
615608 -254894 -702391
615616 254884 702385
616921 642852 299
616935 -642839 -317
617768 736134 58591
617780 -736120 -58609
618669 -805794 -435284
618691 805782 435274
620562 -392202 -651971
620570 392216 651956
621599 -23568 -704419
621608 23559 704412
621794 -778066 -484918
621817 778054 484908
622142 -680629 -270532
622152 680620 270526
622337 -103363 -628707
622345 103354 628700
623003 -178352 -899286
623023 178371 899268
623262 -813714 118934
623267 813710 -118944
623385 490552 -509457
623389 -490548 509455
626809 712822 -573751
626812 -712827 573740
627438 -161945 -663154
627451 161959 663138
628068 -96024 -826509
628085 96042 826492
628843 -865323 142336
628847 865318 -142345
631019 -131323 -874584
631030 131313 874578
633431 -556040 -414233
633443 556032 414228
634060 577013 -498229
634062 -577019 498219
634838 867569 -43597
634855 -867556 43581
636768 -131267 -870378
636783 -261828 -568664
636787 131286 870360
636790 261843 568650
636990 -706131 238142
636992 706126 -238151
637342 -328592 -806439
637358 328607 806422
644554 375229 -686686
644560 -375225 686684
645927 -845419 306836
645930 845414 -306846
645978 -421970 -526749
645984 421987 526731
648206 -373862 -496371
648211 373879 496353
649625 626543 119775
649633 -626531 -119791
649757 -642548 369817
649758 642544 -369825
651191 -780087 442487
651191 780083 -442495
651473 -268874 -744348
651483 268864 744342
651805 618842 -37763
651821 -618828 37743
652098 -12086 -751112
652108 12076 751104
653272 780410 63200
653285 -780395 -63220
653376 -150293 -619973
653384 150284 619966
656811 667775 -556062
656814 -667781 556052
658015 708670 -182780
658037 -708656 182762
658416 -722310 -284280
658427 722302 284274
659465 618066 -528419
659468 -618071 528409
660127 676409 145177
660134 -676397 -145194
660746 528471 -529668
660751 -528467 529665
661609 -408240 -688028
661618 408254 688012
662755 -178413 -870402
662766 178404 870396
663948 328810 -495816
663953 -328805 495813
667038 583064 87393
667046 -583052 -87410
667860 -750903 255012
667863 750898 -255022
671078 -459786 -561131
671085 459803 561112
671132 -801886 280156
671134 801881 -280166
671451 -578448 -450213
671465 578439 450207
671546 -522506 -261064
671554 522499 261056
672000 -566874 -225379
672008 566867 225371
672587 374420 -462841
672592 -374415 462838
673956 -151787 -694381
673970 151802 694362
674564 -257828 -795210
674575 257819 795204
674785 -439052 -403671
674787 439063 403656
675023 870591 -83824
675042 -870578 83806
676058 -487579 -433431
676060 487590 433416
676311 565597 211883
676315 -565584 -211902
677164 -328353 -478136
677169 328370 478117
677374 297874 -541695
677380 -297869 541692
678656 -685360 393779
678656 685356 -393787
678694 -224718 -841349
678705 224708 841343
679181 -735703 420378
679181 735699 -420386
681915 413148 -706897
681921 -413144 706895
682533 -296108 -818469
682550 296123 818450
682907 12154 -592891
682914 -12163 592884
683767 -230148 -574229
683774 230162 574214
683917 615008 239140
683920 -614995 -239159
684508 503040 307746
684509 -503028 -307764
689054 -551993 -336470
689054 552005 336452
690231 -34383 -560910
690237 34374 560903
691990 754269 -185713
692013 -754255 185694
693459 -495029 -305864
693469 495022 305856
694030 -25607 -787181
694041 25597 787173
694702 -616245 -208369
694710 616238 208361
695506 -185195 -635756
695515 185186 635748
695730 719301 156793
695737 -719288 -156811
695938 545859 -570915
695943 -545855 570912
696437 -744718 -320260
696448 744709 320253
697633 521533 182799
697637 -521520 -182819
699768 620187 -68422
699785 -620172 68399
700047 46016 -635338
700054 -46025 635331
700977 422482 -451607
700982 -422477 451604
701462 806749 48161
701475 -806734 -48183
701728 -393952 -381711
701730 393963 381695
701810 847754 -128581
701831 -847741 128561
705206 -526530 -463019
705209 526541 463003
707699 557623 56708
707709 -557610 -56726
707725 -620129 -463962
707739 620121 463955
708020 805177 -165875
708042 -805164 165855
708946 458426 282164
708947 -458413 -282182
709269 289901 -588185
709275 -289896 588182
709337 -166678 -736436
709351 166693 736417
711435 461437 -700656
711441 -461433 700653
712433 -399208 -712058
712444 399223 712041
714288 -250000 -808079
714305 250016 808059
716780 -477178 -590303
716788 477196 590282
718413 656524 257266
718415 -656511 -257288
719531 538057 -622147
719537 -538053 622144
720056 -81128 -547966
720062 81119 547958
721365 -592185 -360610
721366 592198 360591
724099 -202627 -778053
724115 202642 778033
725094 -297637 -476929
725099 297654 476909
725204 507156 -669636
725209 -507152 669632
726016 -741847 -368830
726028 741839 368822
731870 -491806 -347774
731881 491799 347765
732533 -669916 -451796
732547 669907 451788
733568 -657390 -214593
733576 657382 214584
734531 -502200 -153870
734538 502191 153863
734591 -221116 -598260
734599 221130 598243
736161 -60508 -802964
736172 60499 802955
737058 58127 -676880
737066 -58137 676872
737439 -198716 -671826
737448 198706 671817
737814 260820 -430909
737819 -260814 430903
739228 -714468 -416976
739241 714459 416967
739708 -457772 -189105
739715 457762 189099
741440 306446 -397038
741445 -306441 397032
741511 460119 -465123
741516 -460114 465119
742170 494621 159681
742175 -494608 -159703
743629 81039 -515431
743636 -81049 515418
746771 34283 -483086
746778 -34292 483075
746894 743725 151510
746901 -743713 -151530
747957 646526 -83461
747975 -646511 83436
749425 808093 17502
749440 -808078 -17527
749667 -364363 -373436
749669 364375 373420
751085 307028 -622830
751092 -307023 622826
754418 -545468 -484505
754422 545480 484488
754676 -551202 -133009
754683 551192 133002
755820 430114 266561
755821 -430101 -266580
758188 229627 -473968
758193 -229621 473962
759417 -367527 -717623
759428 367542 717605
760715 557036 35942
760725 -557023 -35962
764391 -115555 -557527
764398 115545 557519
766378 115498 -554639
766386 -115507 554627
767200 -107439 -794230
767211 107430 794221
767938 -187233 -718518
767948 187224 718508
768094 354281 -381431
768099 -354276 381425
768820 -429822 -229273
768828 429812 229266
770555 679023 261406
770558 -679009 -261429
770839 -469486 -606449
770847 469504 606427
772785 -612837 -373714
772786 612850 373694
774963 -12242 -466272
774970 12233 466260
775638 -237154 -634317
775647 237169 634299
776486 -513700 -375563
776497 513692 375554
778184 -679284 -242383
778192 679276 242373
778831 -153824 -763321
778842 153814 763311
779152 -289944 -493075
779158 289962 493053
782983 -436898 -71387
782988 436890 71381
783327 477245 -499768
783332 -477240 499764
783462 690802 -78851
783480 -690786 78825
784023 45244 -706383
784031 -45253 706375
784309 784083 -20560
784325 -784068 20533
789972 -321685 -703232
789982 321699 703213
790449 102569 -397176
790453 -102580 397165
791285 149593 -429272
791289 -149604 429261
791619 344665 -636346
791626 -344659 636342
793083 -392248 -105249
793088 392240 105242
794746 -591647 -132111
794753 591637 132104
795909 -273965 -672739
795918 273980 672720
796767 741151 -55828
796785 -741136 55801
797102 221226 -514677
797108 -221220 514672
797988 492073 148724
797993 -492060 -148748
798678 238394 -320352
798681 -238390 320347
799782 192642 -354231
799785 -192638 354226
799909 743139 130744
799917 -743125 -130764
800349 -485555 -47445
800353 485547 47439
805758 -358214 -381064
805760 358225 381046
808923 128425 -590205
808932 -128433 590193
810509 -539318 -492133
810513 539330 492114
810635 391506 -388269
810639 -391501 388263
811357 -128438 -587031
811363 128428 587022
811878 581460 30659
811889 -581447 -30681
812570 425691 265118
812571 -425678 -265139
814066 -425839 -263611
814074 425829 263604
815222 469272 -546258
815228 -469267 546254
815352 -554845 -381787
815363 554838 381777
816112 -371042 18796
816116 371030 -18807
816594 -676061 -284293
816604 676053 284282
816645 56298 -376803
816649 -56309 376792
818769 -438770 -605243
818777 438788 605219
818929 184772 -464492
818934 -184783 464481
820009 392727 -625112
820015 -392722 625107
820017 170424 -305342
820020 -170437 305328
820651 -46071 -469494
820658 46062 469481
823182 285990 -300952
823185 -285986 300947
824593 217752 -336668
824596 -217764 336654
824854 -307337 -522247
824861 307354 522224
826196 160995 -393511
826200 -160990 393505
826373 676475 250448
826376 -676461 -250473
827941 -363568 -139955
827947 363560 139948
828358 10817 -715944
828367 -10827 715935
828648 438336 -592137
828654 -438331 592132
829535 -608414 -372273
829536 608427 372251
830455 -326081 -13062
830460 326069 13050
830545 -419361 45237
830549 419349 -45249
833316 -304692 113514
833317 304686 -113520
834521 -237814 209935
834521 237809 -209940
838053 -604216 -364778
838064 604208 364766
838508 -648584 -329092
838519 648576 329081
840525 -525179 -39837
840530 525171 39830
840570 717697 100059
840579 -717684 -100082
842593 -285465 240041
842593 285460 -240046
842855 170305 -235058
842857 -170300 235052
843868 124447 -281689
843870 -124460 281675
844003 -612699 -151418
844010 612689 151410
844130 237867 -542130
844137 -237862 542123
844664 -352675 141991
844664 352670 -141998
847481 624352 42274
847491 -624339 -42298
847727 -393261 -587007
847735 393279 586983
848322 124349 -268229
848325 -124344 268223
848368 -116327 -628572
848375 116317 628562
849955 -345153 -556629
849962 345171 556604
850130 514572 152863
850136 -514557 -152889
851306 -259384 84087
851307 259380 -84094
854971 -377151 -402550
854973 377164 402531
855653 -192162 183261
855654 192157 -183266
856368 253749 -367275
856372 -253761 367260
857663 408148 -415721
857668 -408143 415714
857983 674218 67676
857993 -674205 -67700
858183 -35927 -703000
858192 35917 702990
858449 -509729 -483858
858453 509742 483839
859865 116357 -612599
859874 -116366 612586
862854 23181 -373613
862857 -23192 373601
863323 -446890 -282918
863332 446881 282910
863990 -446330 -278244
863990 446343 278221
864902 217646 -212366
864904 -217641 212360
865507 -82465 -671020
865515 82455 671010
865973 198679 -493398
865979 -198691 493387
866727 322677 -301229
866730 -322673 301223
869732 -296526 -41802
869738 296514 41789
869888 -458091 59175
869892 458079 -59188
870844 151931 -427666
870848 -151926 427660
870910 649564 227331
870914 -649549 -227358
871593 -58139 -491888
871600 58130 491875
872896 102193 -143543
872898 -102187 143535
876409 -580101 -356671
876410 580115 356648
877708 -322348 265513
877708 322342 -265518
878218 -358543 -166208
878224 358534 166200
879837 92092 -302992
879841 -92086 302985
882308 -390480 161889
882308 390475 -161896
882341 55981 -175440
882344 -55974 175431
884119 -416102 -432138
884122 416115 432118
884626 556089 170990
884631 -556074 -171017
885392 -464629 -461899
885395 464642 461878
886671 275093 -548968
886677 -275087 548961
888092 34067 -48268
888093 -34061 48261
889249 -608716 -185757
889257 608706 185748
889754 92140 -272048
889756 -92152 272033
892221 149263 -117987
892223 -149257 117978
892232 605499 198247
892237 -605485 -198275
892749 -545155 -50602
892753 545147 50594
893812 -228897 61597
893814 228891 -61604
896302 -486522 -302383
896302 486536 302359
896577 399747 -456431
896583 -399742 456424
900329 -160742 167167
900330 160737 -167172
900847 -535486 -331090
900848 535500 331066
901150 -12426 -78433
901151 12433 78425
903392 -487336 -282021
903401 487326 282012
904431 -80846 20218
904431 80853 -20226
905553 82527 -615821
905562 -82537 615807
906829 268769 -388960
906833 -268782 388944
908554 253688 -206235
908557 -253683 206228
913325 322927 -533361
913331 -322922 533354
914138 -45212 -527454
914146 45203 527440
916693 12090 -388461
916697 -12101 388448
916951 368554 -499490
916957 -368549 499482
917645 338626 -321108
917648 -338621 321102
918028 23009 -205131
918030 -23003 205122
918360 -580766 -225925
918369 580756 225915
919813 187588 -508246
919819 -187599 508233
921762 167879 -447545
921766 -167875 447539
923419 -290295 -59723
923425 290283 59709
923537 -536337 -261160
923546 536328 261151
923598 -476855 56876
923603 476843 -56890
928957 82178 -330032
928961 -82172 330025
930441 -378519 -176972
930447 378510 176964
930457 -338579 279525
930457 338573 -279530
933745 36001 -599007
933754 -36011 598992
935140 184579 -105620
935142 -184573 105611
936162 -407975 167876
936162 407970 -167883
936888 -10754 -566662
936896 10744 566648
940105 -46172 -102638
940106 46179 102630
943025 -540130 -76854
943030 540121 76846
945379 82159 -279002
945382 -82172 278985
945788 -115386 1811
945788 115393 -1819
949446 -221395 52069
949447 221390 -52076
956577 -151972 165965
956578 151967 -165971
962117 268773 -218306
962119 -268768 218299
962293 329562 -355263
962296 -329557 355257
962455 258789 -395914
962459 -258801 395896
963738 25997 -417367
963743 -26008 417354
965307 204566 -447822
965311 -204562 447815
966022 154471 -505055
966028 -154482 505042
970392 12113 -224661
970395 -12107 224651
970618 -418144 -169364
970624 418135 169355
977129 -309059 -62021
977135 309047 62006
977285 -470625 38956
977289 470612 -38971
977883 -511449 -111561
977889 511441 111552
982519 97262 -342103
982523 -97257 342095
986705 -329809 278323
986705 329804 -278328
987983 -466800 -145422
987989 466791 145413
988707 297914 -394542
988711 -297909 394536
989811 252163 -428421
989815 -252158 428415
990152 198678 -109755
990154 -198671 109745
991382 61175 -452587
991387 -61187 452573
991796 -400473 158348
991796 400468 -158356
992218 108201 -484683
992223 -108212 484669
994520 -58127 -114397
994522 58134 114388
995840 97180 -300687
995843 -97193 300669
1001080 -128425 -2026
1001080 128431 2017
1003300 -238890 58055
1003300 238885 -58063
1008340 -226495 386254
1008340 226482 -386273
1009330 -168203 179977
1009330 168198 -179983
1011239 -258853 245338
1011239 258859 -245346
1016470 -347790 -48083
1016480 347777 48067
1016559 -441070 10216
1016570 441057 -10232
1025400 26212 -228796
1025409 -26205 228786
1026170 133305 -335971
1026180 -133299 335963
1027620 -133191 331275
1027620 133177 -331294
1030910 -396109 -21642
1030910 396096 21626
1031380 -298389 262228
1031380 298383 -262235
1032189 180505 -362620
1032200 -180518 362601
1034300 -369985 135858
1034300 369979 -135866
1040940 -276695 77953
1040950 276689 -77962
1042519 -187775 129274
1042519 187782 -129285
1042750 226602 -280109
1042759 -226597 280100
1044440 -205086 205449
1044440 205080 -205455
1048219 -180641 313272
1048219 180646 -313280
1049810 -45088 -110559
1049820 45095 110550
1052290 -324679 106431
1052290 324673 -106440
1052510 -252737 235555
1052510 252730 -235561
1055500 -116470 9731
1055500 116477 -9741
1068320 61528 -216429
1068330 -61521 216418
1078200 154810 -158976
1078210 -154804 158965
1087650 -108592 190862
1087650 108599 -190873
1091170 -10549 -92153
1091170 10555 92143
1094450 -82724 33935
1094450 82730 -33945
1107510 -36229 64100
1107510 36236 -64110
