2206
3
156275 74180 -67949
156278 74180 -67567
156285 74181 -68146
156306 74186 -68345
156317 74188 -67189
156384 74202 -68816
156390 74203 -66813
156497 74224 -69280
156498 74224 -66439
156641 74253 -66069
156642 74253 -69738
156822 74288 -70189
156872 74299 -65556
157037 74333 -70633
157118 74348 -65048
157284 74382 -71070
157470 74419 -71362
157475 86190 -69651
157490 86190 -70110
157496 86190 -69192
157514 74428 -64292
157541 86190 -70569
157551 86190 -68733
157626 86190 -71028
157644 86190 -68275
157673 74458 -71651
157706 86190 -71340
157776 86190 -67774
157802 86190 -71653
157931 86190 -67276
157941 74513 -63547
158156 86190 -66661
158400 74605 -62811
158414 86190 -66052
158415 74608 -72695
158801 86190 -65241
159125 74749 -73746
159210 74766 -61575
159222 86190 -64438
159317 103516 -71631
159332 103513 -71136
159371 103501 -70643
159449 103477 -70055
159468 74819 -74276
159561 103443 -69471
159678 86190 -63638
159708 103399 -68891
159710 86190 -74814
159803 74885 -74808
159888 103343 -68315
160032 74929 -60341
160103 103278 -67744
160169 86190 -62845
160350 103204 -67176
160512 103154 -73668
160775 103074 -66291
160791 75082 -76401
161214 102942 -65411
161496 75222 -58188
161526 86190 -60753
161594 86190 -77982
161739 102780 -75694
161778 75279 -77996
161874 102741 -64147
161876 75298 -57645
162267 75376 -57107
162455 86190 -79409
162567 102530 -62894
162713 121304 -71051
162723 121297 -70765
162726 121295 -71333
162764 121269 -70449
162767 121268 -71618
162831 121225 -71899
162845 121217 -70029
162899 86190 -58666
162923 121166 -72174
162944 75512 -56222
162977 121130 -69446
162998 102400 -77709
163040 121089 -72446
163131 121030 -68867
163266 120941 -72880
163322 75589 -80455
163322 86190 -58043
163334 120897 -68217
163349 86190 -80827
163378 102284 -61494
163566 120746 -67571
163641 120695 -73532
163652 75653 -55348
163716 102180 -78833
163764 86190 -57426
163892 120532 -66773
164223 102027 -60103
164276 86190 -82235
164277 120278 -74608
164379 86190 -56614
164388 75800 -54485
164445 101959 -79955
164538 120110 -65305
164897 75903 -82904
165027 86190 -55813
165105 101760 -58709
165158 75954 -53634
165234 86190 -83634
165257 101713 -81223
165309 119605 -63618
165438 101658 -58203
165705 119345 -77008
165707 86190 -55023
165782 101555 -57700
165863 119243 -62457
166040 101475 -82506
166062 76136 -84680
166197 86190 -84981
166367 118913 -61450
166418 101363 -56812
166524 101329 -83331
166812 118621 -78910
166944 118536 -60362
166997 101184 -84163
167012 86190 -53552
167030 76328 -51636
167084 101160 -55936
167190 86190 -86320
167246 76373 -86452
167277 101099 -84631
167478 118186 -59410
167586 101006 -85086
167780 100948 -55070
167898 117910 -80821
167925 100902 -85529
168002 86190 -86944
168114 117769 -58333
168294 100791 -85958
168318 86190 -52083
168690 100671 -86374
168777 117336 -57266
168837 86190 -87550
168932 76707 -49649
168995 100579 -53590
169016 117179 -82771
169116 100540 -86777
169164 86190 -51155
169562 116822 -56061
169572 100402 -87168
169628 76847 -48947
169629 76849 -87783
169698 86190 -88137
169791 116671 -84082
170039 86190 -50238
170048 100258 -87538
170172 116421 -84683
170192 100215 -52105
170238 116380 -55067
170351 76991 -48259
170447 116243 -85070
170550 100105 -87896
170580 86190 -88707
170700 100062 -51485
170742 116049 -85449
170979 86190 -49295
171056 137552 -72599
171060 137547 -72937
171068 137539 -72257
171087 115823 -85849
171090 137513 -73266
171090 137513 -71917
171125 115801 -53813
171134 77148 -47553
171144 137452 -73589
171144 137452 -71363
171222 137363 -73908
171224 137362 -70814
171227 99902 -50870
171326 137246 -74221
171328 137243 -70270
171399 115619 -86176
171453 137102 -74527
171465 86190 -48827
171482 99822 -88512
171488 86190 -89259
171504 137044 -69493
171605 136930 -74827
171698 136825 -68719
171776 115372 -86539
171944 77309 -46863
171944 99685 -50073
171953 136536 -67796
171965 86190 -48366
171992 77321 -89132
172031 115209 -52569
172173 115110 -86889
172232 136219 -66879
172416 77404 -46489
172419 86190 -89794
172431 99533 -89108
172593 114837 -87224
172611 135789 -65701
172682 135709 -76814
172698 99455 -49281
172739 86190 -47684
172919 77505 -46128
172988 114578 -87513
172991 99367 -48998
172998 135349 -64525
173128 114490 -51102
173264 135050 -77907
173301 99272 -48730
173373 86190 -90310
173400 99239 -89684
173457 77612 -45776
173514 114235 -87864
173543 86190 -47016
173669 99161 -48449
173712 134541 -62423
173730 114096 -50334
173748 86190 -46856
173835 134402 -78999
173898 134331 -61895
173960 86190 -46700
173993 86190 -90629
174026 77726 -45437
174060 99042 -48185
174092 134111 -61369
174096 113858 -49897
174173 113805 -88282
174330 77789 -90500
174387 86190 -46413
174390 98938 -90241
174461 133693 -60427
174474 98916 -47939
174510 113586 -49433
174624 86190 -90942
174628 77846 -45109
174825 133280 -80874
174840 86190 -46143
174852 133249 -59494
174911 98784 -47710
174928 113310 -48991
174932 77906 -44963
174957 98767 -90546
175244 77969 -44835
175266 132780 -58570
175320 86190 -45888
175367 113026 -48559
175373 98643 -47498
175521 78027 -91208
175530 98593 -90845
175596 78039 -44717
175614 112861 -89164
175704 132284 -57655
175736 112785 -48225
175828 86190 -45648
175839 132131 -82742
175857 98496 -47305
175956 78112 -44621
175983 112623 -48024
176153 86190 -91700
176244 112452 -47833
176276 131636 -56512
176327 78185 -44548
176367 86190 -45423
176367 98342 -47128
176549 112253 -47635
176675 86190 -45311
176705 78263 -91921
176708 78261 -44499
176757 98223 -47008
176807 131034 -84478
176856 130977 -55371
176928 112005 -47418
176987 86190 -45215
177098 78339 -44472
177149 98104 -46898
177306 111758 -47233
177366 86190 -45121
177447 111661 -90260
177498 78419 -44468
177660 86190 -92477
177696 111501 -47065
177750 97922 -46751
177752 86190 -45051
177773 129940 -53620
177794 129916 -86206
177908 97871 -92080
178103 111236 -46917
178143 86190 -45005
178326 78584 -44494
178356 97738 -46628
178453 111007 -46812
178539 86190 -44982
178603 78642 -93055
178715 128872 -51872
178778 110794 -46732
178832 86190 -93102
178920 128639 -51510
178940 86190 -44983
178970 97551 -46528
179109 110577 -46668
179136 128394 -51156
179153 78749 -44539
179333 97439 -92835
179348 86190 -45007
179447 110357 -46620
179451 128037 -50678
179589 97364 -46451
179787 110135 -46589
179787 127656 -50215
179841 110094 -91660
179990 86190 -93740
180057 78931 -44611
180128 109912 -46576
180143 127254 -49767
180213 97174 -46398
180471 109686 -46580
180509 86190 -45115
180518 126829 -49333
180524 79026 -94169
180750 97007 -93596
180845 96982 -46368
180863 109429 -46603
180914 126380 -48914
180960 79111 -44707
181310 96841 -46358
181328 125909 -48510
181346 109113 -46651
181347 79188 -44760
181452 109041 -92591
181517 125695 -48342
181580 86190 -94643
181656 86190 -45233
181715 125472 -48184
181727 79264 -44824
181775 96699 -46355
181844 79290 -94918
182001 125147 -47982
182147 86190 -45294
182220 108542 -46760
182238 79366 -44931
182304 124804 -47798
182484 124600 -47704
182633 86190 -45372
182646 96434 -46368
182669 124391 -47623
182681 96422 -94653
182733 79465 -45059
182924 124100 -47532
183146 86190 -95564
183173 79555 -95657
183188 123803 -47465
183207 86190 -45486
183215 79562 -45209
183459 123495 -47420
183478 107719 -46936
183498 107702 -93781
183519 96169 -46404
183681 79655 -45381
183774 86190 -45624
183833 123072 -47380
183872 149994 -76042
183878 150000 -76042
183902 149949 -75100
183941 149870 -74162
183975 149789 -76586
184001 149750 -73120
184077 149593 -72083
184097 149551 -77119
184131 79745 -45575
184136 86190 -96162
184173 149405 -71049
184205 122650 -47354
184233 149282 -77642
184287 149178 -70018
184335 86190 -45785
184388 148981 -78155
184391 95906 -46465
184418 148920 -68992
184557 148648 -78657
184566 148626 -67968
184568 79832 -45790
184595 95841 -95723
184707 122080 -47340
184734 148298 -66949
184745 148284 -79150
184892 86190 -45971
184926 147917 -65877
184947 147886 -79633
184967 106745 -47171
184991 79917 -46028
185060 106682 -94711
185084 147623 -79929
185115 86190 -96768
185135 86190 -46061
185135 147511 -64810
185225 147348 -80221
185264 95640 -46549
185333 121372 -47341
185370 86190 -46155
185379 147036 -63660
185411 121283 -92102
185451 80009 -46314
185607 80041 -97004
185621 95532 -46595
185630 146555 -81056
185640 146528 -62516
185751 86190 -97150
185819 86190 -46355
185894 80097 -46609
185960 120661 -47351
185972 95424 -46650
185987 145853 -61082
186020 145794 -81904
186240 86190 -46570
186282 120295 -47366
186348 145146 -59655
186357 105830 -95514
186395 145061 -82765
186411 80201 -46985
186411 86190 -97513
186473 95273 -46749
186603 119932 -47396
186635 86190 -46801
186692 144481 -83482
186744 144369 -58160
186900 80298 -47375
186936 143990 -57473
186959 95125 -46871
186977 143920 -84208
186996 119486 -47455
187003 86190 -47049
187094 86190 -97858
187140 143591 -56793
187158 143563 -84654
187242 95037 -97203
187346 86190 -47313
187353 143181 -85085
187361 80390 -47779
187385 119044 -47538
187401 143075 -55976
187434 94981 -47015
187562 142771 -85499
187640 104992 -96334
187662 86190 -47593
187680 142528 -55169
187782 142334 -85898
187793 80476 -48197
187799 86190 -98185
187895 94841 -47181
187952 86190 -47889
187974 141950 -54373
188018 141872 -86282
188025 104744 -47691
188066 80532 -98380
188072 118267 -47712
188196 80556 -48629
188217 86190 -48204
188267 141381 -86651
188343 94705 -47368
188457 86190 -48537
188468 140983 -53096
188522 80624 -98621
188528 86190 -98494
188531 140864 -87004
188658 80650 -49167
188673 86190 -48889
188753 117496 -47901
188778 94573 -47578
188807 140318 -87343
188967 140004 -87525
188970 139995 -51818
188988 80718 -98838
189042 104077 -47878
189086 139769 -51544
189099 80738 -49710
189125 94466 -98237
189131 139679 -87703
189203 94444 -47813
189210 139524 -51280
189282 86190 -98786
189375 139199 -50972
189461 94365 -47970
189467 80813 -99034
189537 103754 -47983
189552 138849 -50680
189588 103717 -97582
189606 116527 -48159
189612 80840 -50387
189707 94291 -48133
189746 138472 -50402
189936 138093 -88565
189951 138067 -50140
189962 80912 -99207
190034 86190 -99050
190065 94182 -48397
190078 103399 -48121
190094 80935 -51074
190172 137634 -49891
190395 94081 -48673
190407 137173 -49658
190452 115568 -48441
190469 81014 -99358
190542 81025 -51770
190611 103051 -48280
190658 136680 -49439
190694 93991 -48961
190728 136536 -89442
190806 86190 -99297
190875 136253 -49334
190958 81109 -52475
190964 93910 -49262
190991 81117 -99488
191018 93889 -99262
191030 102772 -98478
191094 135822 -49244
191135 102709 -48459
191203 93837 -49575
191258 135493 -90046
191289 114619 -48744
191343 81185 -53191
191364 86190 -99454
191366 135289 -49156
191415 93772 -49901
191526 81224 -99596
191561 93724 -99419
191597 93718 -50240
191606 102396 -98804
191640 134751 -49092
191648 102372 -48658
191696 81257 -53918
191748 93670 -50592
191783 134467 -90657
191805 86190 -56027
191918 134205 -49051
191922 86190 -99586
191939 102177 -98967
192017 81321 -54656
192077 81335 -99681
192105 93560 -99551
192147 102046 -48877
192290 101949 -99113
192305 113468 -49118
192306 81379 -55403
192357 133343 -49004
192374 81394 -99718
192483 86190 -99694
192551 101782 -49076
192605 101743 -99225
192653 93393 -99659
192675 81454 -99748
192794 132478 -48958
192861 132348 -91916
192912 101546 -49277
192927 101533 -99322
193002 132065 -48941
193028 112651 -97998
193044 86190 -99778
193203 93226 -99743
193211 131653 -48937
193241 81566 -99788
193254 101318 -99403
193259 101320 -49493
193328 112309 -49473
193398 112224 -98217
193502 131082 -48952
193589 101102 -49722
193592 101097 -99470
193610 86190 -99838
193758 93058 -99804
193776 111792 -98412
193793 93050 -55586
193794 130512 -48991
193802 81678 -99803
193905 100895 -49965
193952 130210 -93159
193988 100839 -99529
194082 129943 -49052
194087 129946 -49053
194160 111355 -98584
194165 100727 -50184
194180 86190 -99875
194318 92888 -99840
194361 81790 -99795
194408 100567 -50414
194438 100543 -99579
194477 111008 -49848
194553 110911 -98732
194636 100419 -50651
194637 128863 -93947
194751 86190 -99888
194853 100276 -50912
194853 128440 -49361
194880 92718 -99854
194916 81901 -99763
194937 86190 -63164
194953 110463 -98858
195008 100171 -99624
195050 100147 -51181
195225 100033 -51459
195263 127634 -94695
195323 92582 -99848
195327 86190 -99877
195362 110007 -98961
195378 99933 -51744
195467 82011 -99707
195515 99843 -52055
195549 82027 -63640
195578 99799 -99651
195618 126944 -49686
195627 99770 -52371
195635 109698 -50200
195716 99712 -52690
195716 99712 -52689
195759 82069 -99668
195767 92448 -99827
195778 109545 -99040
195836 92429 -60580
195878 126426 -95459
195906 86190 -99842
196049 82127 -99622
196059 109217 -50336
196134 109152 -99090
196151 99423 -99661
196178 125836 -95822
196475 108746 -50492
196490 125224 -96166
196491 86190 -99783
196496 108754 -99123
196532 92215 -99767
196547 125120 -50103
196724 99047 -99653
196814 124591 -96492
196901 108261 -50678
196943 86190 -99722
197148 123935 -96798
197165 82351 -99420
197289 91985 -99685
197294 98675 -99627
197318 107787 -50885
197394 86190 -99647
197406 107744 -99175
197433 123379 -97037
197573 98501 -57836
197726 122808 -97263
197727 107321 -51115
197864 98303 -99583
197952 107064 -51257
197987 122296 -97444
198041 91758 -99578
198113 86190 -99504
198168 106821 -51409
198174 121919 -50847
198191 106854 -99202
198246 82567 -99200
198253 121773 -97602
198432 97930 -99523
198444 106510 -51627
198527 121239 -97738
198703 106221 -51864
198786 91531 -99449
198792 82674 -71877
198804 120693 -97851
198809 86190 -99342
198948 105954 -52118
198965 105956 -99214
199053 97524 -99436
199067 120176 -97935
199116 86190 -72687
199176 105706 -52389
199316 82780 -98959
199335 119648 -98000
199376 105492 -52653
199425 91338 -99318
199430 97293 -62983
199482 86190 -99161
199541 105283 -99205
199562 105291 -52922
199670 97121 -99331
199695 156740 -77371
199697 156735 -76663
199703 156708 -78079
199707 156689 -75955
199716 156648 -78674
199737 156563 -79269
199743 91242 -70129
199757 156478 -73749
199758 156471 -79695
199788 156344 -80116
199794 105036 -53300
199808 118711 -51575
199811 156249 -71545
199828 156176 -80531
199830 156165 -70864
199854 156065 -70184
199877 155972 -80940
199898 155883 -69175
199908 155837 -81171
199943 155691 -81401
199950 155662 -68168
199970 82911 -98791
200004 104805 -53687
200012 155402 -67163
200027 155336 -81901
200058 91146 -99170
200082 155103 -66145
200118 104616 -99172
200118 154947 -82389
200133 86190 -98960
200160 154775 -65131
200184 96779 -99227
200189 104599 -54085
200189 117965 -98166
200219 154523 -82865
200256 154365 -63984
200327 154068 -83329
200348 104416 -54493
200363 153918 -62842
200442 153576 -83782
200484 104258 -54911
200501 153333 -61458
200511 153289 -84028
200559 96541 -99132
200582 152992 -84271
200595 104123 -55341
200609 83038 -98601
200646 152718 -60080
200670 90959 -99005
200696 103955 -99115
200763 152221 -84863
200765 86190 -98739
200789 116787 -52005
200814 152011 -58580
200871 151764 -58090
200928 96303 -99023
200933 151504 -57602
200952 151426 -85438
201041 151050 -56812
201044 116285 -98312
201146 150601 -85996
201156 150559 -56031
201182 96138 -98955
201234 83164 -98390
201266 90778 -98820
201276 103299 -99035
201282 150032 -55257
201338 96028 -98930
201348 149750 -86537
201351 149734 -54866
201377 86190 -98498
201429 149405 -54485
201492 95906 -98924
201497 115396 -98372
201519 149027 -54098
201545 148917 -87034
201617 148614 -53722
201723 148165 -53356
201743 102774 -98953
201747 148058 -87516
201768 114861 -52436
201789 147883 -53154
201842 90603 -98614
201845 83286 -98157
201845 95600 -98939
201860 147584 -52967
201944 147230 -52780
201950 114507 -98409
201953 86190 -98244
202032 146855 -52611
202097 114215 -52581
202127 146455 -52462
202148 95346 -98935
202211 102252 -98855
202227 146032 -52333
202332 145586 -52222
202356 83388 -97940
202356 113713 -98421
202385 145364 -88995
202400 90433 -98388
202427 113570 -52726
202439 145139 -52127
202453 95095 -98913
202511 86190 -97972
202545 144689 -52037
202568 83429 -81464
202753 143806 -51881
202757 94852 -98874
202757 112921 -52878
202763 112917 -98415
202806 101592 -98710
202857 83489 -97707
202880 95044 -72543
202911 90279 -98155
202964 142917 -51747
202986 101407 -63724
203016 142693 -90482
203057 94615 -98818
203084 112275 -53044
203175 142020 -51637
203207 112032 -53115
203264 141651 -51602
203291 111880 -98382
203295 86190 -82210
203321 141404 -91220
203325 111795 -53193
203328 86190 -97537
203351 141282 -51576
203355 94387 -98744
203357 83587 -97450
203390 100939 -98542
203406 90129 -97904
203487 140706 -51555
203510 111435 -53335
203619 140140 -91978
203622 140129 -51558
203649 90056 -79677
203684 111095 -53497
203759 139556 -51585
203772 94076 -98617
203819 110847 -98326
203829 83683 -97177
203846 110779 -53668
203894 138984 -51636
203915 138892 -92759
203963 100295 -98352
204002 110478 -53850
204028 138412 -51710
204074 138222 -93192
204123 86190 -97083
204149 110199 -98278
204197 110094 -54107
204230 137559 -93632
204237 89876 -97446
204273 83771 -96889
204348 137061 -93948
204356 109781 -54343
204446 136648 -51983
204455 99739 -98168
204470 136541 -94244
204478 109551 -98221
204506 109485 -54588
204513 93517 -98353
204599 136000 -94520
204678 109147 -54904
204692 83854 -96585
204732 135436 -94777
204780 108948 -55110
204858 134902 -52266
204870 134849 -95015
204876 108759 -55320
204899 86190 -96610
204938 99188 -97967
204974 108579 -98116
204978 89651 -97011
205014 134241 -95233
205020 108477 -55674
205085 83932 -96265
205091 93070 -98125
205134 133732 -95394
205148 108225 -56038
205259 133210 -95543
205260 108004 -56413
205308 86190 -96346
205341 132862 -52603
205376 98690 -72107
205382 98683 -97760
205436 132462 -95732
205437 84004 -95942
205464 107613 -97988
205505 92752 -97944
205614 131702 -95898
205698 89432 -96561
205712 86190 -96077
205766 84068 -95605
205796 130934 -96041
205815 98190 -97531
205824 130818 -52935
205874 92477 -97764
205932 130359 -96131
205953 106655 -97837
206053 86190 -95829
206069 129780 -96209
206076 84131 -95246
206090 97878 -97371
206207 89279 -96217
206237 92213 -97568
206331 92796 -82104
206343 84184 -91051
206353 84187 -94876
206360 97572 -97203
206364 86190 -95568
206376 128481 -53310
206438 105703 -97662
206475 84211 -91211
206576 127636 -96461
206595 84235 -91370
206599 84235 -94497
206625 91943 -97337
206646 86190 -95294
206693 89131 -95856
206709 105167 -97552
206778 84271 -94177
206778 84271 -91651
206801 104982 -64030
206897 86190 -95007
206922 84300 -91929
206930 126143 -53684
206936 84303 -93851
206958 126035 -96634
206981 104633 -97435
207000 91688 -97092
207030 84322 -92205
207039 84323 -93576
207102 84335 -92479
207108 84337 -93302
207117 86190 -94708
207140 84344 -92752
207141 84344 -93027
207156 88990 -95476
207206 96613 -96643
207308 86190 -94396
207342 124426 -96794
207416 86190 -94184
207422 91409 -96782
207438 103734 -97219
207474 86190 -91732
207512 86190 -93966
207553 86190 -91928
207557 88869 -89226
207564 123461 -54118
207593 123379 -96882
207599 88856 -95077
207618 86190 -92124
207620 86190 -93656
207690 86190 -93347
207690 86190 -92429
207726 86190 -93040
207726 86190 -92734
207776 91178 -96493
207822 88788 -89735
207839 122329 -96946
207888 102852 -96982
208017 88728 -94661
208037 95671 -96065
208059 88716 -90253
208083 121275 -96986
208107 95586 -81688
208112 90962 -96188
208196 120785 -54565
208228 88664 -94420
208278 88650 -90805
208324 120219 -97003
208329 101983 -96723
208341 101958 -71647
208359 90809 -95937
208406 88611 -94175
208461 119612 -97003
208464 88594 -91369
208523 119406 -54791
208545 95093 -95688
208547 88568 -93926
208589 90673 -95676
208598 119003 -96994
208620 88546 -91945
208656 88534 -93672
208731 88512 -93411
208743 88509 -92531
208764 101128 -96442
208769 88500 -92704
208772 88499 -93146
208781 88497 -92876
208851 118017 -55002
208949 90474 -95201
209004 94568 -95319
209093 116839 -96940
209192 100290 -96140
209256 116300 -55241
209331 115986 -55287
209336 90270 -94660
209405 115673 -55340
209411 115503 -96898
209447 94054 -94934
209452 99776 -95942
209531 115143 -55450
209615 90127 -94233
209653 114624 -55582
209699 93760 -94690
209711 99270 -95735
209738 114169 -96850
209772 114119 -55737
209781 90549 -91665
209781 90549 -91664
209889 113628 -55914
209934 93488 -94429
209973 113217 -96801
209987 89956 -93544
209991 113196 -56095
210033 98636 -95457
210072 89932 -93314
210086 93315 -94241
210087 112788 -56291
210182 112390 -56512
210204 112270 -96729
210228 93153 -94046
210269 112020 -56751
210277 98155 -81227
210345 98024 -95159
210349 111676 -57006
210405 92954 -93771
210424 111360 -57277
210431 111330 -96633
210486 111097 -57532
210545 110850 -57790
210561 92781 -93484
210627 110503 -58188
210647 97434 -94843
210652 110395 -96514
210674 92657 -93238
210701 110194 -58596
210765 109920 -59013
210771 92550 -92985
210821 109684 -59438
210839 92482 -91269
210851 92465 -92720
210869 109483 -59872
210870 109466 -96372
210881 92436 -91456
210905 92407 -92454
210908 109319 -60316
210912 92402 -91642
210932 92378 -92185
210935 92376 -91914
210936 96864 -94508
211043 108720 -96240
211160 96424 -94226
211212 107979 -96093
211377 95997 -93932
211440 106984 -95873
211446 107039 -65671
211549 95661 -93674
211667 106010 -95631
211706 95353 -93403
211848 95074 -93118
211893 105055 -95369
211976 94824 -92819
211986 104757 -71026
212034 94707 -92660
212091 94597 -92498
212106 104168 -95101
212160 94462 -92259
212211 94360 -92016
212216 94352 -90807
212246 94294 -91769
212246 94294 -91037
212261 94263 -91264
212262 94262 -91518
212319 103299 -94814
212578 102236 -94462
212840 101148 -94129
212952 100667 -80630
213103 100033 -93813
213204 99608 -93685
213297 99209 -93539
213386 98835 -93375
213468 98484 -93192
213545 98161 -92991
213615 97862 -92771
213672 97624 -92567
213723 97403 -92350
213780 97167 -92075
213827 96971 -91797
213863 96815 -91515
213891 96696 -91229
213911 96614 -90939
213920 96577 -90234
213921 96572 -90643
213923 96567 -90440
216375 86190 -73750
216375 99158 -89599
216375 99209 -89835
216375 99289 -90066
216375 99419 -90330
216375 99586 -90586
216375 99790 -90833
216375 100035 -91073
216375 100283 -91277
216375 100558 -91466
216375 100871 -91647
216375 101213 -91809
216375 101580 -91955
216375 101976 -92082
216375 102558 -92247
216375 102700 -79898
216375 103142 -92405
216375 104178 -92663
216375 105215 -92897
216375 106116 -70551
216375 107423 -93362
216375 109531 -61204
216375 109601 -60823
216375 109642 -93819
216375 109710 -60453
216375 109854 -60092
216375 110038 -59741
216375 110257 -59399
216375 110281 -93945
216375 110515 -59066
216375 110811 -58741
216375 110923 -94062
216375 111036 -58524
216375 111277 -58311
216375 111629 -58035
216375 112010 -57776
216375 112018 -94243
216375 112421 -57534
216375 112861 -57308
216375 113123 -94400
216375 113171 -57167
216375 113494 -57033
216375 113863 -56900
216375 114237 -94534
216375 114247 -56789
216375 114641 -56702
216375 115039 -56638
216375 115360 -94645
216375 115449 -56596
216375 116494 -94733
216375 116520 -56523
216375 117225 -94778
216375 117589 -56469
216375 117955 -94815
216375 119187 -94857
216375 119469 -56385
216375 120419 -94876
216375 121351 -56292
216375 121650 -94871
216375 122881 -94842
216375 123694 -56174
216375 124112 -94789
216375 125283 -94724
216375 126036 -56060
216375 126453 -94653
216375 128379 -55947
216375 128780 -94494
216375 130722 -55836
216375 131099 -94313
216375 132206 -94215
216375 132772 -55737
216375 133312 -94109
216375 134822 -55634
216375 135089 -93918
216375 136580 -55547
216375 136874 -93702
216375 138336 -55464
216375 138671 -93461
216375 139171 -93385
216375 139664 -93299
216375 139711 -55389
216375 140376 -93155
216375 140782 -55314
216375 141069 -92990
216375 141744 -92804
216375 141853 -55224
216375 142397 -92598
216375 142474 -55180
216375 143031 -92370
216375 143094 -55160
216375 143645 -92122
216375 143711 -55163
216375 144240 -91853
216375 144328 -55190
216375 144816 -91562
216375 144838 -55231
216375 145347 -55288
216375 145960 -90959
216375 146912 -55478
216375 147118 -90360
216375 148485 -55646
216375 149015 -55711
216375 149107 -89356
216375 149534 -55799
216375 150030 -55907
216375 150516 -56037
216375 150936 -56174
216375 151145 -88358
216375 151336 -56331
216375 151438 -88214
216375 151708 -56506
216375 151722 -88066
216375 151963 -56645
216375 152206 -56794
216375 152254 -87764
216375 152636 -57090
216375 152748 -87452
216375 153029 -57398
216375 153207 -87128
216375 153388 -57717
216375 153632 -86792
216375 153709 -58048
216375 153996 -58391
216375 154020 -86443
216375 154248 -58745
216375 154375 -86082
216375 154418 -59027
216375 154567 -59316
216375 154695 -85709
216375 154952 -60172
216375 154979 -85324
216375 155229 -84926
216375 155292 -61026
216375 155445 -84514
216375 155593 -61880
216375 155625 -84089
216375 155825 -62644
216375 155878 -83385
216375 156026 -63408
216375 156108 -82683
216375 156369 -81771
216375 156420 -65123
216375 156589 -80864
216375 156767 -79959
216375 156774 -66843
216375 156908 -79080
216375 157027 -68220
216375 157029 -78199
216375 157153 -77013
216375 157240 -75825
216375 157255 -69599
216375 157304 -74269
216375 157313 -71156
216375 157328 -72713
219424 99090 -90824
219427 99103 -90564
219429 99110 -91082
219444 99171 -91349
219446 99175 -90147
219468 99270 -91614
219471 99285 -89734
219498 99399 -91864
219504 99423 -89352
219536 99559 -92105
219545 99593 -88975
219585 99764 -92353
219642 100006 -92591
219690 100215 -92767
219744 100438 -92934
219821 100766 -93148
219906 101123 -93346
219996 101505 -93526
220094 101918 -93690
220176 102265 -93812
220203 102377 -79199
220259 102615 -93926
220406 103238 -94109
220556 103875 -94270
220710 104523 -94407
220860 105162 -69423
220866 105184 -94523
221172 106480 -94714
221199 106592 -64402
221480 107782 -94886
221502 96252 -91619
221502 96252 -91358
221522 96285 -91880
221522 96286 -91097
221537 108021 -59381
221538 108025 -58963
221547 108066 -58552
221559 96354 -90837
221561 96353 -92142
221567 108146 -58147
221594 108263 -57747
221601 96427 -90640
221609 96439 -92378
221631 108418 -57353
221655 96521 -90444
221666 96543 -92611
221676 108611 -56964
221730 108837 -56588
221756 96716 -92922
221792 109101 -56218
221822 109228 -95055
221856 109371 -55892
221861 96922 -93224
221928 109672 -55581
221953 97104 -93448
222006 110005 -95134
222006 110007 -55282
222056 97306 -93663
222093 110374 -54998
222152 110624 -54824
222191 97570 -93902
222191 110786 -95203
222215 110886 -54655
222306 111277 -54432
222339 97861 -94126
222405 111690 -54227
222480 112015 -95293
222502 98180 -94336
222507 112127 -54042
222617 112586 -53877
222681 98527 -94532
222693 112911 -53775
222773 113247 -53682
222773 113249 -95359
222885 113723 -53571
222915 98984 -94759
222969 99108 -80679
222999 114201 -53484
223059 93770 -92066
223065 114488 -95402
223073 93784 -92468
223073 93784 -91667
223094 93809 -92686
223110 93826 -91271
223113 114685 -53422
223131 93850 -92898
223155 99453 -94970
223172 93898 -90878
223199 93928 -93155
223228 115173 -53382
223260 93996 -90488
223292 94032 -93405
223320 115566 -95422
223346 115668 -53366
223373 94124 -90102
223407 94163 -93647
223436 100006 -95192
223442 116078 -53371
223473 94239 -89814
223539 116491 -53392
223548 94323 -93882
223575 116644 -95428
223589 94370 -89529
223713 94508 -94111
223722 100574 -95392
223875 94692 -94309
223916 118084 -95416
223923 118109 -53492
224016 101159 -95571
224042 94879 -94501
224234 119428 -53556
224255 119520 -95380
224283 101697 -70914
224286 91365 -92382
224292 91370 -92686
224310 91382 -92076
224313 101755 -95727
224330 91394 -92990
224342 95219 -94818
224366 91418 -91768
224397 91438 -93291
224452 91475 -91457
224496 91503 -93592
224544 120739 -53604
224573 91554 -91140
224595 120957 -95320
224625 91588 -93891
224657 95576 -95116
224685 91627 -90898
224774 102670 -95939
224787 91695 -94191
224817 91713 -90655
224892 91763 -94358
224931 122380 -95244
224988 95951 -95396
225002 91834 -94522
225099 123085 -53678
225120 88720 -92836
225126 88743 -92469
225146 88708 -93210
225165 88783 -92110
225178 88709 -93432
225227 88716 -93648
225236 91987 -94831
225237 88835 -91758
225240 103590 -96135
225267 123803 -95156
225321 88735 -93952
225327 103751 -63161
225335 96344 -95656
225339 88903 -91412
225446 88767 -94244
225449 96477 -79763
225476 88983 -91072
225492 92155 -95125
225600 88811 -94526
225644 89078 -90738
225654 125435 -53760
225698 96754 -95898
225761 125890 -95008
225771 92337 -95402
225786 88868 -94798
225809 104700 -96349
225843 89189 -90410
226002 88937 -95060
226074 92536 -95664
226076 89311 -90088
226082 97191 -96130
226174 127638 -53838
226248 89017 -95313
226254 127974 -94835
226296 89427 -89822
226370 105806 -55409
226388 105815 -96542
226399 92749 -95909
226428 105920 -54994
226473 97634 -96349
226502 106066 -54588
226517 129084 -94730
226527 89111 -95556
226539 89551 -89562
226583 86190 -92972
226583 86190 -92561
226593 106245 -54191
226619 86190 -93383
226691 86190 -93792
226697 129841 -53912
226701 106456 -53804
226749 92976 -96139
226777 130188 -94609
226779 86190 -94139
226779 106565 -96656
226824 106699 -53426
226839 89218 -95791
226895 86190 -94485
226965 106976 -53056
226967 98194 -96598
227022 86190 -94780
227079 93192 -80887
227103 131568 -94437
227120 93221 -96352
227121 107282 -52699
227169 107319 -96757
227181 86190 -95064
227252 132190 -53991
227294 107620 -52350
227310 98585 -69997
227370 89398 -96148
227374 86190 -95339
227428 132940 -94241
227438 107902 -52097
227469 98763 -96825
227517 93480 -96560
227594 108208 -51861
227598 86190 -95603
227685 108322 -96869
227745 86190 -95754
227751 134305 -94021
227762 108538 -51643
227807 134540 -54076
227902 86190 -95900
227918 89582 -96488
227919 93743 -96758
227942 108890 -51442
227985 99346 -97031
228048 135561 -93796
228134 109268 -51259
228201 109334 -96959
228255 109507 -51156
228260 86190 -96199
228260 136457 -54136
228342 136804 -93550
228381 109755 -51060
228510 99943 -97216
228515 89777 -96827
228555 137705 -54162
228572 94170 -97058
228611 110204 -50909
228639 138062 -93277
228642 86190 -96480
228716 110352 -97024
228788 86190 -84603
228843 110660 -50781
228851 138956 -54178
228933 139305 -92981
229034 100538 -60945
229043 139766 -54196
229049 86190 -96743
229078 111122 -50676
229101 100613 -97401
229118 90324 -79801
229127 89976 -97144
229228 111376 -97066
229233 140570 -54239
229235 94605 -97335
229299 86190 -96891
229317 111593 -50595
229343 94673 -71120
229386 141221 -92515
229422 141370 -54305
229549 141911 -54363
229560 86190 -97033
229562 112071 -50537
229677 142450 -54433
229697 101286 -97569
229757 90175 -97441
229808 112555 -50502
229847 143169 -92060
229911 95047 -97591
229919 143473 -91985
229988 143766 -91902
230033 112997 -50491
230045 144007 -54645
230053 113023 -97104
230085 144180 -91762
230178 144573 -91603
230262 113446 -50499
230265 144942 -91425
230286 86190 -97398
230348 145285 -91229
230405 90379 -97717
230414 102100 -97750
230415 145571 -54851
230423 145607 -91014
230493 145904 -90779
230540 146098 -54931
230601 95498 -97825
230661 146611 -55033
230759 102491 -51893
230780 147113 -55158
230864 147470 -89446
230880 102627 -51528
230883 114668 -97121
230895 147599 -55305
230910 114719 -50535
230966 147898 -55409
230991 86190 -76644
231023 102789 -51180
231032 86190 -97743
231035 148191 -55521
231071 90583 -97972
231127 148587 -55694
231137 102921 -97907
231186 102972 -50845
231215 148952 -55883
231231 149027 -88133
231294 149291 -56089
231303 95958 -98037
231348 149518 -56249
231363 149586 -87646
231369 103180 -50525
231399 149733 -56418
231485 96074 -61876
231488 150110 -56756
231488 150112 -87147
231515 86190 -97951
231537 90726 -98137
231551 115976 -50547
231569 150452 -57105
231572 103411 -50218
231609 150625 -86619
231642 150759 -57465
231698 91098 -70039
231707 151033 -57836
231723 151103 -86078
231762 151271 -58218
231771 116421 -97117
231795 151409 -58477
231797 103666 -49924
231824 151533 -58742
231828 151550 -85525
231866 103749 -98042
231873 96331 -98193
231908 151888 -59608
231926 151961 -84959
231983 152203 -60475
232005 86190 -98152
232008 90870 -98294
232016 152340 -84379
232041 103947 -49644
232047 152478 -61340
232071 152577 -83980
232101 152704 -62169
232122 152793 -83579
232124 117103 -50538
232146 152893 -62999
232184 153053 -83028
232236 153275 -82472
232236 153275 -64938
232280 153459 -81911
232286 153486 -66112
232307 104249 -49377
232314 153604 -81347
232334 153685 -67287
232340 153711 -80778
232355 153779 -80205
232373 153852 -68438
232395 153945 -78049
232402 153979 -69591
232422 154059 -70592
232425 154074 -75899
232433 154107 -75140
232433 154108 -71594
232439 154129 -74381
232440 154139 -72988
232446 96706 -98340
232452 104416 -49244
232601 104582 -98152
232603 104589 -49114
232640 86190 -98390
232664 118172 -97088
232695 118221 -50510
232823 91122 -98545
232860 104882 -48917
233040 105084 -98208
233115 119054 -97059
233127 105186 -48742
233289 86190 -98607
233315 97274 -98540
233408 105502 -48587
233481 105584 -98257
233562 119932 -97011
233627 97475 -52633
233636 97480 -52180
233651 91380 -98774
233673 97505 -51739
233694 86190 -66887
233699 105832 -48455
233741 97549 -51308
233837 97612 -50884
233838 120467 -50438
233953 86190 -98802
233963 97694 -50470
234002 106174 -48343
234066 120918 -96935
234117 97796 -50064
234189 106386 -48286
234192 97849 -98718
234276 91871 -60278
234302 97917 -49666
234309 106524 -98331
234383 106604 -48237
234491 91642 -98981
234515 98056 -49276
234567 121899 -96835
234587 86190 -98965
234756 98214 -48893
234902 107188 -48128
234986 122720 -50376
235027 98391 -48519
235064 122874 -96712
235076 98427 -98872
235139 107466 -98380
235233 86190 -99108
235329 98588 -48150
235346 91912 -99167
235419 107773 -48044
235518 98712 -47941
235557 123842 -96566
235716 98841 -47734
235938 108361 -47983
235967 99010 -99004
235970 108409 -98406
235994 99023 -47472
236009 92392 -53718
236046 124804 -96396
236061 124831 -50323
236213 92186 -99330
236286 99215 -47231
236299 86190 -99315
236333 108810 -47952
236417 86190 -57053
236597 99418 -47011
236730 109262 -47936
236803 109354 -98408
236865 99598 -99112
236868 126417 -96096
236924 99632 -46811
237096 92466 -99472
237137 126942 -50271
237269 99858 -46630
237372 86190 -99499
237587 100071 -99180
237630 100094 -46469
237638 110299 -98386
237702 128056 -95806
237707 92660 -99552
237713 110383 -47900
237743 92912 -47157
237956 100307 -46346
238017 86190 -99597
238020 93004 -46808
238068 128772 -50221
238295 100530 -46237
238310 100543 -99228
238317 93102 -46482
238319 92856 -99615
238376 111138 -98345
238631 93206 -46180
238665 86190 -99687
238695 111501 -47841
238860 130331 -95424
238932 100946 -46063
238962 93315 -45901
239001 130601 -50160
239022 93077 -99665
239061 130723 -95350
239111 101067 -99258
239111 111971 -98282
239141 86190 -47220
239224 112103 -47799
239244 86190 -46868
239253 131099 -95259
239312 93429 -45642
239377 86190 -46527
239408 86190 -99774
239449 131485 -95142
239490 131563 -50137
239546 86190 -46188
239571 101364 -45914
239636 131852 -95005
239681 93551 -45402
239726 93299 -99690
239747 86190 -45860
239754 112703 -47750
239814 132202 -94848
239862 112822 -98193
239915 101594 -99264
239979 132524 -50138
239981 86190 -45543
239982 132530 -94671
240071 93679 -45182
240140 132841 -94474
240161 86190 -99837
240218 101788 -45787
240246 86190 -45236
240288 133132 -94257
240431 93520 -99692
240470 133484 -50162
240478 93813 -44981
240543 86190 -44939
240609 113669 -98082
240720 102121 -99247
240758 134055 -93519
240869 102213 -45684
240873 86190 -44653
240908 93954 -44800
240920 86190 -99877
240957 134443 -50211
241089 86190 -44485
241136 93740 -99670
241227 134975 -92791
241268 135051 -50254
241313 86190 -44324
241352 114510 -97946
241356 94100 -44639
241433 114602 -47589
241518 102638 -45606
241528 102649 -99205
241568 86190 -99893
241577 135658 -50307
241692 86190 -44079
241826 94253 -44497
241839 136173 -50336
241841 93961 -99624
242069 136626 -91489
242090 115347 -97787
242091 136668 -50387
242096 86190 -43853
242172 103066 -45550
242222 86190 -99893
242255 94394 -44388
242331 137141 -50458
242343 103183 -99139
242522 86190 -43644
242546 94178 -99555
242562 137591 -50550
242699 86190 -99875
242699 94539 -44294
242783 138026 -50664
242823 116178 -97605
242907 138271 -90178
242967 86190 -43456
242996 138445 -50797
243114 116499 -47439
243159 86190 -99834
243161 103717 -99050
243201 138846 -50952
243248 138941 -89722
243253 94398 -99461
243396 139232 -51128
243437 86190 -43285
243552 117004 -97399
243577 103989 -98991
243579 139590 -89258
243584 139599 -51325
243606 86190 -99772
243707 139839 -51471
243797 94896 -44097
243825 140072 -51626
243833 86190 -43157
243963 94615 -99342
243981 140383 -88662
243986 104258 -98921
244040 86190 -99687
244043 140498 -51942
244233 86190 -43037
244244 140896 -52270
244278 117829 -97169
244370 141144 -88052
244431 141262 -52610
244463 86190 -99580
244512 104603 -98809
244583 94807 -99218
244602 141598 -52963
244745 141880 -87427
244758 141904 -53328
244871 86190 -99451
244884 142152 -53665
244892 95246 -43925
244920 86190 -42851
244999 142377 -54013
245001 118648 -96915
245006 118638 -96915
245024 104936 -98676
245094 104978 -45363
245106 142588 -86787
245187 94996 -99078
245267 86190 -99300
245299 142967 -55024
245423 119111 -47243
245452 143269 -86133
245519 105261 -98523
245562 119267 -96437
245583 143523 -56041
245619 86190 -42687
245652 86190 -99125
245784 143920 -85464
245831 95200 -98904
245849 144044 -57064
245987 95593 -43777
246002 105577 -98348
246028 86190 -98927
246096 144532 -58094
246102 144546 -84781
246111 119889 -95953
246258 144850 -84428
246323 144978 -59109
246328 86190 -42546
246395 86190 -98704
246407 145143 -84071
246455 95401 -98711
246470 105883 -98152
246533 145389 -60130
246620 86190 -98550
246633 145588 -83487
246717 86190 -42483
246737 145787 -61207
246740 95827 -43689
246840 86190 -98386
246845 146001 -82894
246921 146151 -62289
246923 106179 -97935
247038 146382 -82290
247059 95600 -98497
247062 120969 -95089
247089 146481 -63375
247109 86190 -42432
247217 146732 -81677
247239 146775 -64465
247344 146982 -81186
247364 106468 -97696
247371 147035 -65559
247460 147208 -80690
247485 147259 -66657
247493 96060 -43612
247548 147382 -67340
247575 147438 -80111
247603 147490 -68024
247643 86190 -42383
247646 95793 -98263
247676 147633 -79525
247722 121734 -47054
247727 147732 -69761
247758 147795 -78934
247790 106746 -97436
247823 147922 -78336
247832 147939 -71500
247884 148041 -77598
247890 148053 -72625
247929 148130 -76859
247941 148153 -73750
247959 148189 -76082
247965 148201 -74527
247971 148213 -75304
247995 122028 -94208
248006 106882 -45199
248183 86190 -42358
248203 107017 -97153
248213 95985 -98008
248240 122312 -47028
248304 96312 -43548
248726 86190 -42357
248759 122893 -47025
248760 96172 -97734
248907 123070 -93310
249117 96567 -43507
249273 86190 -42379
249277 123480 -47046
249290 96358 -97439
249599 123860 -92627
249776 124046 -47088
249799 96540 -97123
249830 86190 -42426
249930 96825 -43491
250274 124617 -47152
250293 96720 -96787
250305 124663 -91952
250401 86190 -42496
250490 108509 -45079
250508 108525 -95474
250592 124982 -47211
250745 97085 -43498
250899 125333 -47292
250958 86190 -42587
251195 125671 -47393
251235 125718 -91093
251307 97084 -96066
251397 97298 -43520
251480 125996 -47516
251524 86190 -42702
251754 126305 -47661
252018 126602 -47826
252051 97510 -43559
252075 86190 -42839
252188 126796 -90249
252258 126873 -48004
252332 97434 -95353
252489 127131 -48200
252611 86190 -42998
252765 110002 -93799
252799 97757 -43623
252813 127493 -48511
253002 110153 -44981
253115 127832 -48835
253131 86190 -43178
253163 127894 -89419
253394 128143 -49170
253436 110437 -44977
253530 128308 -89104
253542 98000 -43711
253637 86190 -43380
253650 128432 -49517
253731 97881 -94400
253841 128649 -49808
253863 110716 -44998
253871 110724 -92982
253886 128707 -88781
254018 128850 -50107
254126 86190 -43604
254280 98240 -43822
254286 110993 -45041
254345 129226 -88335
254559 129465 -51048
254703 111267 -45108
254781 129719 -87877
254904 86190 -43994
254996 111462 -92177
255011 98479 -43957
255114 111535 -45199
255122 130103 -51978
255141 98299 -93466
255197 130188 -87405
255338 111682 -45259
255468 130495 -52560
255561 111828 -45326
255591 130635 -86920
255659 86190 -44399
255735 98714 -44116
255791 130861 -53152
255853 86190 -92716
255914 112059 -45451
255966 131060 -86421
256027 131130 -53621
256249 131381 -54096
256251 112280 -45597
256308 112321 -91269
256319 131461 -85907
256419 98937 -44288
256443 86190 -44849
256568 98690 -92546
256572 112489 -45762
256650 131838 -85381
256730 112593 -45854
256883 112693 -45952
256962 132195 -84838
256989 132219 -55764
257096 99156 -44481
257187 98855 -92147
257202 86190 -45316
257253 132529 -84281
257364 113008 -46286
257387 132670 -56688
257524 132841 -83709
257646 113194 -90375
257684 99346 -44672
257777 133113 -57615
257802 99025 -91744
257822 113307 -46637
257936 86190 -45799
258003 133391 -82670
258177 133566 -58607
258182 113543 -46938
258245 99528 -44879
258327 86190 -46072
258502 133960 -81639
258527 113769 -47251
258553 133992 -59606
258711 86190 -46349
258778 99702 -45102
258906 134390 -60614
258975 99363 -90950
259008 114087 -89496
259041 114106 -47754
259074 134608 -80520
259235 134762 -61628
259289 99868 -45343
259398 86190 -46872
259479 135038 -62441
259530 114425 -48271
259549 114441 -89141
259671 135278 -79410
259709 135296 -63259
259774 100028 -45601
259943 114696 -48741
260058 86190 -47410
260072 114782 -88775
260108 135748 -64788
260123 99714 -90141
260237 100181 -45877
260292 135973 -78310
260334 114952 -49221
260481 136175 -66322
260510 136216 -77913
260643 115156 -88344
260676 100326 -46170
260690 86190 -47964
260706 136435 -77510
260789 136530 -67683
260895 136648 -77067
261060 136833 -76617
261075 136867 -69048
261092 100463 -46481
261137 115478 -50264
261191 115515 -87898
261201 136993 -76161
261210 137025 -69777
261246 100079 -89316
261294 86190 -48533
261315 137124 -75699
261321 137154 -70510
261407 137227 -75230
261410 137255 -71248
261471 137304 -74755
261473 137326 -71991
261483 100594 -46809
261513 137355 -74272
261513 137367 -72741
261527 137379 -73260
261528 137377 -73782
261639 115806 -50941
261714 115857 -87437
261852 100718 -47155
262128 116125 -51622
262197 100836 -47520
262214 116183 -86961
262341 86190 -49570
262344 100456 -88475
262506 100941 -47885
262688 116494 -86470
262793 101039 -48266
263079 116748 -52987
263139 116790 -85964
263363 86190 -50618
263418 100846 -87619
263568 117071 -85442
263732 101356 -49563
263973 117336 -84904
264002 117353 -54364
264429 117633 -84250
264468 101250 -86748
264483 86190 -51807
264669 117788 -55392
264686 101657 -50827
264863 117917 -83591
264867 86190 -87045
264951 101439 -86332
265322 118215 -56426
265331 118223 -82832
265425 101623 -85911
265544 86190 -85880
265656 101949 -52064
265769 118510 -82064
265866 86190 -53320
265958 118631 -57479
266178 118777 -81288
266187 86190 -84707
266190 101912 -85203
266321 102138 -52884
266558 119027 -80504
266565 119029 -58540
266796 86190 -83526
266928 102184 -84484
266997 102323 -53693
267005 119318 -79560
267144 119408 -59610
267228 86190 -54843
267297 86190 -82494
267465 119621 -78620
267641 102435 -83752
267695 119768 -60690
267773 86190 -81455
267843 102554 -54718
267924 86190 -55652
268056 120006 -61436
268137 120059 -77309
268233 86190 -80464
268326 102670 -83008
268404 120233 -62186
268545 86190 -79832
268590 86190 -56471
268658 102780 -55755
268839 120518 -76006
268872 86190 -79203
268886 120549 -63285
268986 102886 -82252
269040 120651 -75630
269232 120775 -75252
269244 86190 -57324
269337 120844 -64390
269441 103003 -56802
269478 86190 -78094
269538 120975 -74597
269618 103083 -81484
269759 121120 -65502
269813 121156 -73935
269865 86190 -58189
270060 121317 -73267
270116 86190 -76992
270152 121377 -66620
270194 103221 -57861
270224 103261 -80704
270276 121458 -72593
270462 121581 -71912
270513 121615 -67745
270620 121684 -71222
270711 86190 -76021
270719 121747 -68427
270747 121768 -70526
270804 103423 -79911
270845 121831 -69824
270912 121875 -69113
270914 103437 -58930
270950 86190 -59771
271098 86190 -75421
271298 103552 -59525
271356 103566 -79107
271499 86190 -74824
271671 103668 -60122
271883 103688 -78291
272003 86190 -61361
272225 86190 -73749
272348 103882 -61251
272382 103795 -77463
272775 103877 -76770
272933 86190 -72669
272994 104093 -62393
273066 86190 -63023
273150 103965 -76074
273506 86190 -71754
273612 104302 -63553
273615 104089 -75148
273884 86190 -71113
274046 104222 -74217
274095 86190 -64695
274199 104508 -64725
274247 86190 -70467
274293 86190 -65013
274443 104365 -73279
274463 86190 -70037
274469 86190 -65333
274646 86190 -69600
274650 86190 -65727
274710 104694 -65812
274793 86190 -69157
274796 86190 -66125
274808 104516 -72336
274907 86190 -68708
274907 86190 -66525
274958 86190 -68435
274982 86190 -66929
274995 86190 -68160
275022 86190 -67335
275027 86190 -67745
275136 104676 -71387
275196 104878 -66911
275352 104936 -67314
275433 104846 -70432
275474 104978 -67716
275523 104905 -70077
275562 105006 -68117
275589 104951 -69722
275618 105016 -68518
275631 104989 -69320
275642 105011 -68919
