# title: brcrd.

# Some molecule.
#
# --Ernst <mucke@cs.uiuc.edu>

# [n = 1366, int coordinates]
2039700 -1556900 -1373900
2208900 -1456400 -1505300
2064700 -1505400 -1510300
2236700 -1431900 -1359100
2159200 -1544400 -1290000
2135900 -1520600 -1142400
2190400 -1593000 -1056300
2056200 -1421100 -1109500
1976000 -908900 -1059700
1832300 -1019100 -1178200
1924300 -1016900 -1098000
1990200 -1135100 -1038700
1924800 -1259100 -982000
2019200 -1380800 -973700
1956700 -1493500 -893200
1981500 -1510400 -772400
1876400 -1573700 -959700
1789700 -2005000 -1064200
1909500 -2001500 -1134200
1967600 -2121200 -1170100
1908900 -2243200 -1138500
1789000 -2249900 -1069100
1730700 -2129500 -1032400
1614400 -2104600 -964700
1598600 -1968400 -952700
1702900 -1902900 -1012000
1726400 -1756700 -1022700
1803400 -1688400 -909000
1884300 -1790800 -831800
1837600 -1831000 -723000
1997700 -1833700 -883300
2362400 -1925400 -1093700
2225500 -1951500 -1025400
2225200 -1939700 -871800
2307400 -2052000 -802800
2080000 -1934100 -814400
2080600 -1906600 -663900
2042500 -1990800 -581600
2123700 -1787100 -630600
2431000 -1653400 -617800
2403800 -1706700 -742900
2509100 -1749400 -821700
2641200 -1737500 -778800
2672000 -1683100 -654600
2565300 -1642300 -575600
2564700 -1586300 -451000
2434700 -1562500 -413600
2348700 -1599900 -512900
2199600 -1591200 -510300
2134900 -1730900 -496800
2004000 -1724500 -419200
1997800 -1763000 -301000
1900800 -1676200 -484700
1565100 -1384600 -623900
1721300 -1357800 -429300
1622900 -1450900 -499100
1690400 -1580400 -541300
1765700 -1657900 -431500
1696100 -1782600 -380600
1636100 -1777200 -271000
1702700 -1893200 -453000
1639900 -2021000 -414000
1650400 -2126600 -522200
1701000 -2065900 -281400
1632300 -2109000 -187900
1832000 -2051600 -276300
2285700 -1962100 -174300
2222900 -2177600 -066600
2173100 -2038400 -103300
2055800 -2040600 -197700
1915200 -2084300 -159500
1852800 -2014300 -038700
1810900 -2074500 060700
1846700 -1883500 -054200
1793100 -1790500 042800
1657200 -1824000 100300
1645600 -1839900 223900
1555400 -1835700 016700
1286300 -2005900 -110700
1192100 -1810900 009300
1313200 -1868400 -050300
1419500 -1864600 065400
1416500 -1984900 157900
1352600 -1979500 264600
1484700 -2090400 121200
1496300 -2215700 194500
1602300 -2300700 123900
1533900 -2198900 341100
1468900 -2248900 434100
1642100 -2127600 360900
2071200 -1991700 415100
1987100 -2197700 529100
1964300 -2047900 510100
1829600 -2017400 449400
1703500 -2095100 489800
1610000 -2020700 584100
1599500 -2050900 704000
1541900 -1922000 529500
1632400 -1490600 686200
1579500 -1539800 521700
1408000 -1592800 554900
1393000 -1730900 494900
1446600 -1833300 595900
1331300 -1907200 663200
1296800 -1884300 780300
1272600 -1997000 586200
1160200 -2081900 628600
1203600 -2159900 752500
1133700 -2164600 854600
1322100 -2218200 741100
1694400 -2249300 979300
1732900 -2465700 864300
1625700 -2371500 918300
1529000 -2328100 809200
1384400 -2295800 848700
1372500 -2215900 978600
1319200 -2263300 1080100
1422400 -2093400 971000
1421500 -1999100 1082700
1286800 -2004300 1154200
1283400 -2031200 1275700
1180300 -1980900 1078800
864500 -2051700 958300
838200 -1859900 1110200
934800 -1938000 1032600
1044700 -1982000 1135800
1016700 -2114700 1205000
972200 -2112300 1321000
1044600 -2224300 1136700
832300 -2500300 1007100
1020700 -2634200 914900
980400 -2497500 970800
1063900 -2464400 1092200
1022600 -2358000 1192400
1094000 -2369500 1327100
1029800 -2395400 1429800
1223800 -2348400 1322000
1765500 -2161400 1850500
1605500 -2149800 1524300
1681500 -2113300 1635000
1690000 -2199600 1743500
1623800 -2322200 1743400
1549200 -2357500 1631500
1538600 -2271900 1520800
1454600 -2310800 1400900
1311200 -2355200 1438700
1261200 -2275600 1558800
1240800 -2334300 1666800
1247600 -2145300 1539800
1412900 -1780200 1612700
1514500 -1716900 1684400
1508800 -1711500 1824900
1401300 -1769700 1893000
1300100 -1831700 1820700
1305200 -1836100 1680800
1195200 -1906300 1605000
1203000 -2054100 1645400
1069800 -2095800 1707300
1056900 -2108800 1829900
975700 -2114300 1616200
575500 -2249900 1382800
577300 -2041600 1524000
620600 -2187800 1515000
771200 -2196800 1523900
840500 -2158000 1653900
862300 -2277400 1747400
829100 -2274200 1866200
923900 -2378700 1688300
971400 -2672000 1567800
1144200 -2681400 1746000
1050800 -2589200 1668400
957700 -2503800 1756500
1016700 -2474400 1894200
960600 -2515800 1997000
1127600 -2402800 1892300
1384300 -2312100 2448700
1394900 -2359700 2308300
1422500 -2244000 2215000
1438900 -2283100 2069800
1313200 -2267700 1985300
1199300 -2364700 2014400
1104000 -2302300 2116100
1099500 -2342900 2233600
1028600 -2204800 2069300
931500 -2131300 2147600
825000 -2212200 2218300
788600 -2177700 2332900
773600 -2317800 2158200
370400 -2832900 2194300
495900 -2754300 2091200
526600 -2603400 2188500
649600 -2533300 2134900
668200 -2402900 2213300
681100 -2431400 2362600
580600 -2414300 2434600
797400 -2473700 2407700
835300 -1131700 3014200
1107200 -904600 3195000
933600 -839300 3079100
1029900 -915300 3097400
1060300 -1028500 3000500
936600 -1074100 2923700
964400 -1169300 2807800
953300 -1130200 2690400
995700 -1292900 2840400
1049000 -1531000 2824300
1025500 -1401400 2746800
917700 -1421200 2640800
948000 -1449000 2523500
793400 -1408000 2681800
094500 -1189600 2733300
184900 -1263400 2641600
321600 -1281600 2704100
423000 -1344600 2609300
550900 -1383800 2682000
673500 -1420400 2599100
681300 -1332500 2474500
655400 -1379200 2362100
716700 -1206600 2492700
523200 -568300 2618000
529800 -716600 2618700
653800 -766200 2547100
659600 -917900 2544000
764400 -968900 2444700
728500 -1106700 2386900
826100 -1139100 2274700
790300 -1126400 2156200
945900 -1179900 2308800
1280500 -1026000 2318700
1318500 -914900 2394200
1296800 -916200 2532900
1238700 -1026200 2595600
1201900 -1135600 2518900
1223600 -1136200 2381600
1179800 -1254900 2300700
1055000 -1213600 2218400
1030700 -1318100 2111200
1063500 -1291900 1993800
977500 -1432500 2150400
323600 -1716800 2023500
637800 -1633000 2185800
501200 -1645500 2161300
458200 -1706600 2044200
550500 -1755200 1951800
686500 -1742200 1978300
733300 -1681100 2095900
881200 -1664100 2123200
951200 -1543300 2057900
874200 -1493800 1935600
914100 -1520500 1822000
765200 -1425800 1962200
568300 -1289300 1940700
673300 -1370300 1864200
743700 -1281300 1762600
740900 -1304300 1641000
805800 -1179300 1819000
687000 -888200 1892000
829100 -922700 1942700
937600 -969200 1843000
1006500 -851500 1768600
879800 -1077500 1744600
988000 -1140800 1658800
991800 -1122400 1536400
1073400 -1216900 1725100
1236000 -1478500 1816000
1411400 -1362900 1682000
1285900 -1347100 1755200
1183500 -1284000 1654500
1128900 -1380700 1551100
1188800 -1385500 1443200
1021400 -1451500 1579300
709900 -1606700 1548400
888300 -1779700 1517600
858100 -1643800 1563600
958900 -1548500 1487800
900400 -1480100 1365000
912200 -1530400 1251700
842900 -1364200 1384900
858100 -965800 1329300
624700 -939600 1402300
717700 -1023700 1314500
717900 -1166900 1360000
781800 -1280900 1281400
877600 -1242900 1169800
833300 -1240300 1053300
1003100 -1215800 1200800
1341500 -1091200 1076100
1258200 -1137500 1306800
1218600 -1096400 1166100
1103200 -1175000 1100500
1137400 -1279600 995500
1126100 -1248100 874400
1176600 -1399500 1034000
1278900 -1567900 1166100
1192900 -1442900 1172400
1254300 -1625300 1030100
1210800 -1507900 942400
1094100 -1548700 852800
1110900 -1568500 731200
978000 -1562800 914400
740500 -1620500 940900
855500 -1601700 843500
823500 -1497600 736700
806100 -1531400 618400
818800 -1372400 780900
633800 -1007900 951100
647700 -1123100 848700
774300 -1123200 760000
772900 -1006900 656600
789800 -1261500 688900
895800 -1262200 579300
862900 -1254100 459900
1020200 -1273700 622400
1134700 -1277600 530400
1265700 -1285900 607000
1117400 -1390200 428600
1137300 -1365500 308700
1080700 -1507700 475400
877000 -1906200 587300
769700 -1996000 590500
701700 -2021900 470600
742200 -1959600 352200
849500 -1873000 352800
918800 -1842000 469300
1035100 -1750000 477100
1059000 -1627300 392700
952300 -1604600 285800
979900 -1633400 167800
835200 -1559300 327200
594600 -1367700 387500
492700 -1480500 193000
589200 -1494500 302900
724400 -1536500 234000
760600 -1437000 124300
733600 -1462300 005800
819300 -1326500 168700
569800 -866500 -049800
672400 -892000 096200
808600 -989100 023500
861700 -1084600 129000
859200 -1223500 070300
980700 -1277700 -003600
984900 -1259200 -127400
1071800 -1346800 063200
1791800 -1234600 200300
1538900 -1472400 093400
1663000 -1414700 120400
1668600 -1287400 175500
1550600 -1219200 203700
1427300 -1279400 176000
1418000 -1406800 119300
1287600 -1475300 087600
1188800 -1405100 -005100
1139900 -1496800 -118100
1191400 -1483200 -231000
1045500 -1585100 -089700
727100 -1947300 -183800
962600 -1998900 -256800
858900 -1890200 -233800
910100 -1789900 -130100
991500 -1676000 -191200
910400 -1597800 -294600
910200 -1633900 -413100
845400 -1492900 -246800
609900 -1217700 -338800
696500 -1294400 -257300
763700 -1406400 -334100
851700 -1354700 -447900
815300 -1357400 -566100
968500 -1307800 -409500
1564200 -1070000 -494700
1444000 -1138000 -379900
1295800 -1137200 -487900
1182700 -1194000 -406900
1073700 -1252900 -495000
1123900 -1357900 -593500
1135300 -1325000 -712300
1150400 -1478000 -545900
1313300 -1939500 -494800
1365700 -1833600 -714400
1263600 -1842400 -601800
1238000 -1707200 -537100
1198700 -1590000 -627800
1097000 -1627400 -735600
1130900 -1643000 -853800
973800 -1641200 -692800
500100 -1698400 -637200
612900 -1917700 -682600
613400 -1768000 -712900
745400 -1706200 -673400
856100 -1674800 -774300
825400 -1557900 -867400
794300 -1570500 -986800
838000 -1437900 -813500
1318100 -674000 -1699900
1724700 -951200 -1803100
1741200 -829900 -1981500
1692800 -851500 -1871600
1590900 -763300 -1805300
1527600 -815400 -1678300
1403700 -759100 -1614100
1434600 -691000 -1481200
1414400 -752400 -1374500
1479600 -567700 -1486700
1777700 -187900 -1597300
1720600 -352800 -1738700
1699000 -287500 -1636800
1580000 -314800 -1548400
1613300 -375000 -1413100
1516600 -487500 -1369600
1404100 -435900 -1281700
1411000 -450300 -1158200
1300100 -378900 -1336800
1128800 -209300 -1618200
1287600 -141400 -1472300
1178900 -196800 -1495200
1095300 -257500 -1383100
1183500 -318200 -1272000
1109300 -397900 -1165700
1108100 -354100 -1047900
1047300 -509800 -1199500
932000 -665100 -1338200
1043500 -561900 -1336700
912100 -706800 -1196300
970900 -594000 -1109400
1032300 -656100 -985700
972300 -650800 -876300
1147300 -718100 -999400
1399200 -1050900 -1122300
1288100 -969400 -1051100
1339000 -865300 -947800
1427000 -931400 -838800
1215900 -786100 -889000
1249600 -697700 -770300
1225100 -734300 -653500
1305400 -582100 -795500
1861900 -224900 -1024400
1560800 -197100 -823100
1681700 -166100 -884200
1742900 -260000 -966200
1682900 -384300 -986600
1562900 -412800 -922900
1498700 -321000 -840200
1367800 -347700 -771600
1348900 -483000 -698800
1260600 -457900 -577700
1305600 -473200 -462900
1138900 -414600 -603400
797100 -409800 -783200
830800 -315300 -879500
782000 -332700 -1007500
701400 -441400 -1041000
667600 -538200 -947200
715300 -519700 -818100
698500 -596400 -706000
765200 -537600 -601500
828600 -424200 -643800
910300 -329400 -565100
1040100 -378000 -502100
1014700 -478000 -390900
1015500 -439800 -272100
993500 -602800 -427000
966700 -709700 -329600
977400 -845600 -397000
1062700 -694800 -212000
1021500 -681800 -095600
1191200 -692800 -244000
1805700 -854500 -642100
1895100 -725100 -478200
1787300 -781100 -531800
1665400 -766800 -481600
1623300 -691300 -364900
1481300 -720400 -328600
1434700 -642600 -207600
1298800 -677100 -146500
1262500 -562100 -051100
1262300 -579300 070800
1235400 -449100 -113600
1556200 -051100 -516500
1237900 -157300 -374200
1334300 -118300 -466800
1463600 -089900 -423900
1496500 -100800 -288800
1398200 -140000 -198000
1267600 -170500 -238800
1161800 -213200 -140500
1199000 -326500 -043600
1083400 -354700 052100
1093300 -327600 172300
978200 -408900 -006500
857900 -441000 071700
754500 -506900 -017900
894200 -523700 194200
866000 -480500 307500
957000 -638200 176100
1278800 -835100 340300
1267700 -945500 155000
1211600 -878000 244000
1064200 -852500 236500
995700 -727700 286900
1079900 -653600 390400
1056700 -656900 511200
1180900 -590200 334600
1576000 -398500 162500
1566800 -270500 109300
1669100 -224300 029500
1780300 -302700 001500
1791700 -430700 052800
1689300 -477300 133600
1673900 -597200 197700
1554400 -597000 265700
1490800 -477200 248600
1361000 -430300 301100
1281700 -509300 402800
1209700 -411100 495500
1237100 -403800 615200
1120100 -338800 430000
687500 -206900 312800
736600 -073300 516500
773800 -199400 439400
920000 -205900 400100
1034700 -238800 495500
992300 -298200 630300
1041600 -260100 736500
903600 -394300 618200
594500 -528100 470100
488900 -465700 402600
412800 -369300 471000
441500 -336900 603800
546200 -400600 668100
624100 -496400 602500
737500 -564300 674900
843000 -466800 729300
939900 -527300 828600
920000 -499100 949400
1040000 -602300 787700
1291400 -711900 686800
1324300 -813800 910900
1226400 -769400 812300
1134100 -663100 883100
1215700 -562500 962500
1252500 -589600 1078300
1243200 -449100 902500
1411500 -103300 901900
1411300 -293400 740300
1339000 -227100 848700
1321000 -339700 958800
1276500 -280900 1090900
1353800 -282700 1189100
1155000 -228500 1095300
924500 -198300 1057800
1057200 -221900 986800
960200 -118500 1180300
1098500 -168700 1217100
1093800 -278400 1322200
1129500 -256800 1437400
1050800 -393800 1275300
817000 -720200 1114400
761800 -507100 1225900
837000 -638300 1242700
986400 -624600 1266000
1040000 -515300 1357900
1175300 -535100 1425600
1184000 -534800 1549600
1278500 -546900 1344100
1696600 -662100 1136300
1502500 -809600 1191100
1589200 -694800 1240600
1510400 -568700 1270800
1416100 -564200 1391100
1451800 -454100 1490900
1501300 -483900 1600600
1426000 -331100 1451000
1672000 -016800 1440600
1516700 079700 1611200
1528000 027900 1468300
1433900 -088900 1442600
1453500 -212000 1531500
1372500 -208300 1660300
1424300 -175500 1768200
1245900 -242000 1647000
827900 -448100 1721400
826900 -238200 1860900
912800 -347300 1798700
1015000 -288200 1703800
1151300 -248100 1759000
1208300 -349700 1858200
1225100 -322600 1977000
1240500 -466000 1804300
1465300 -826900 1922400
1310000 -926300 1805200
1371700 -824000 1839600
1337500 -689300 1780300
1298000 -579600 1878200
1412200 -528100 1965700
1415100 -546800 2087900
1504600 -461700 1898900
1914200 -230800 1765400
1919500 -330100 1995000
1831900 -261700 1890700
1712500 -346400 1849400
1623200 -402300 1960500
1585700 -302100 2069300
1641200 -308600 2180700
1494600 -212200 2037900
1380400 001900 2060500
1450600 -110700 2134600
1366100 -172800 2244800
1371800 -131000 2361900
1289400 -274300 2210300
1047100 -698100 2212800
914500 -517900 2317300
1056200 -569900 2296100
1144900 -469200 2225200
1199700 -346500 2300100
1262100 -381000 2434600
1199800 -362100 2541000
1384100 -430300 2430200
1651400 -807000 2492400
1526200 -735900 2696000
1614200 -688000 2581700
1550700 -583800 2492800
1459100 -473600 2548100
1519600 -369100 2638200
1621900 -398400 2704900
1465600 -249100 2649300
770200 838000 1993100
822900 860400 1861700
943400 790800 1806400
947800 764100 1684100
1040700 761400 1890300
1363200 558700 1956900
1219500 710300 2090200
1223000 616300 1978000
1165800 693900 1852800
1140400 602400 1733200
1183100 616000 1618200
1063100 502500 1764800
1055300 305200 1992000
922600 359900 1934400
893400 333200 1784900
867000 183200 1756700
1008100 391000 1692200
960400 423900 1551200
1012100 372800 1450200
862100 510400 1540600
580700 542800 1657300
575200 793900 1644300
655600 668400 1613300
684100 657000 1464600
795200 559400 1420700
887300 628600 1320300
876300 610800 1198000
976400 708900 1375800
1176300 847400 1400800
1076000 787500 1302900
1146300 701100 1198800
1150300 729500 1078700
1200900 593900 1250300
1372300 387400 1549500
1378500 453100 1409700
1305700 381300 1293900
1380500 259900 1234000
1275400 489300 1182200
1208300 431200 1059000
1273100 414900 953700
1080300 400100 1070600
869600 208900 1139400
786900 217800 902400
861400 292700 1012900
997800 344000 963100
980700 446300 850200
983000 410500 731500
964100 571100 890600
948800 682700 795100
1067800 676000 698600
1052500 669500 576200
1186200 675300 755900
1422000 628700 794500
1316000 666800 690400
1317600 556200 585600
1346700 574900 467700
1286400 438300 634100
1193700 -025000 641900
1401200 039100 614900
1281300 063900 636300
1235300 205400 662400
1277700 311400 560700
1182300 324100 441500
1210000 282300 328200
1067800 384300 470500
958800 413800 376200
1016500 511600 272500
995800 493900 151600
1089500 610100 323700
1264400 959500 532300
1173900 893400 424400
1251400 805500 324300
1341300 893400 233800
1157700 710500 242200
1244600 634200 140500
1227200 648800 019400
1334900 554100 193200
1650700 411800 600300
1604200 308700 460600
1574600 433400 330600
1499200 371000 217200
1430700 470300 122500
1370200 390300 007100
1424900 394100 -104300
1263400 317100 035000
874700 005000 -104600
999600 091700 -132300
1086400 139300 -013000
1003800 199800 102700
1197700 235400 -068000
1146100 325700 -179800
1160000 292500 -298500
1088000 437000 -138600
1032900 535200 -234100
1139000 564100 -340700
1116300 546100 -460500
1254600 605800 -296500
1446300 737500 -136900
1556300 539900 -233800
1492400 667100 -264300
1374200 642000 -369000
1428900 546500 -474000
1439900 579400 -593100
1467200 429000 -427800
1525300 320000 -506300
1431600 280200 -620100
1472300 266700 -736200
1306400 262000 -581000
833600 131800 -572100
979000 -008800 -718300
953900 131900 -666000
1074600 185000 -590300
1196300 227100 -671900
1178800 348700 -763600
1175100 331800 -886500
1173400 468600 -707000
1023700 760800 -652600
1235000 839700 -754600
1164200 718400 -695200
1160600 593300 -784900
1270200 596800 -892800
1243100 612600 -1012600
1392800 582200 -846300
1513900 580500 -925600
1521700 484800 -1042300
1526500 533600 -1157200
1524500 353200 -1031000
1609900 141600 -1122800
1533900 270000 -1153300
1402400 246000 -1226100
1404900 234100 -1350600
1290400 237100 -1157500
1205800 -046500 -1054900
967900 -062400 -1131700
1067500 017600 -1047900
1070200 161600 -1093800
1156300 211200 -1210400
1089700 321500 -1291900
1040000 290800 -1403000
1084000 443400 -1241800
1712400 1112300 -420300
1311800 1071600 -239500
1339400 1055600 -104400
1248700 1102600 -011500
1131000 1165500 -050400
1100400 1182800 -184600
1192000 1135500 -277900
1188200 1138600 -414700
1301700 1078800 -463600
1380400 1035900 -360500
1513400 969100 -369600
1627500 1056300 -314800
1703900 986200 -204000
1680700 1017500 -085500
1792900 895300 -237800
2217100 692100 -130300
2297900 777000 -204600
2433300 776500 -178500
2490100 695200 -080800
2411800 609900 -004900
2275500 609700 -031500
2174900 537200 026600
2055700 572000 -032000
2075800 665800 -129200
1972900 729600 -215800
1874000 819800 -141500
1942600 908500 -038200
1949700 868600 079900
1992000 1024400 -077400
2059600 1118700 011600
2064500 1256300 -052900
1994000 1124500 149000
2063400 1098800 249300
1865400 1154800 155300
1425300 1220900 409400
1579200 1234200 400600
1645100 1221300 261500
1563500 1135900 162300
1789800 1163400 280400
1783500 1029700 353700
1789300 1026700 477900
1771900 922300 278000
1712500 719700 105100
1777300 680900 224000
1766200 786600 332600
1882700 763800 429200
1864700 722300 544500
2001400 792000 378000
2353400 687300 365000
2193500 811100 222200
2250500 800400 356500
2127700 777000 451600
2126800 862600 577200
2174900 818900 683200
2070100 981500 564600
1982700 1200500 630300
2056500 1076000 675700
1981500 1004700 788300
2025300 995300 903400
1867200 952300 750200
1772600 877800 833100
1653300 841000 745800
1834400 755000 898100
1810700 727900 1016800
1913400 683000 820700
2113500 284900 518500
2233200 320700 647800
2121200 368600 784400
2061400 501900 745900
1984300 561600 862900
2075300 592700 981800
2079500 515600 1079000
2146400 703600 971000
2551500 866800 1048900
2418200 954300 1239800
2425600 944600 1087900
2304800 880600 1023500
2238500 753200 1074100
2159400 774300 1203600
2206400 738800 1312400
2041300 831700 1187000
1532900 1196700 1661300
1792800 1012700 1488500
1723800 1079100 1588500
1599000 1131800 1560900
1544500 1118000 1433700
1615900 1050500 1334700
1742200 996900 1359700
1819000 925000 1251500
1950700 860800 1298500
1923800 735900 1382200
1945100 732500 1504300
1877800 633100 1314200
1697900 429100 1020300
1700700 481400 1166600
1801800 406700 1257000
1746600 272900 1310400
1846300 502500 1372800
1968700 449400 1446800
1964000 411300 1564200
2078400 449600 1373100
2502700 354100 1160600
2342700 178300 1241500
2407300 312800 1272600
2300500 419700 1288900
2211600 405900 1413400
2261500 483100 1534800
2305100 423800 1634800
2253800 614400 1526000
2097300 1270800 1895900
2323200 1015000 1769300
2271300 1118200 1846900
2145700 1169300 1818100
2071700 1117600 1712300
2125400 1014300 1636000
2251700 960800 1662900
2306500 848900 1578700
2296500 705800 1633100
2209500 689900 1756700
2260500 694500 1870000
2080000 671000 1737600
1793900 810300 1776300
1733900 595000 1883800
1836100 665000 1794500
1980700 653800 1845200
2009900 524500 1921500
2003600 520800 2045100
2040800 422700 1842900
2123500 001800 1636900
1909500 129000 1664300
2038100 085200 1732900
2121400 202900 1778300
2075600 290000 1894700
2187000 310700 1997800
2178500 272200 2114600
2290700 375200 1947500
2690200 542900 1781700
2812300 506500 1723800
2872300 385500 1762900
2811300 303300 1857800
2690800 342500 1913600
2627400 460700 1875900
2499100 504400 1937300
2412400 411500 2020600
2376300 475000 2155700
2420400 431000 2262800
2295600 578800 2146100
2151700 1024300 2184700
2179900 1155900 2222500
2261400 1177100 2334800
2313000 1069200 2406900
2282900 939900 2367300
2203200 915300 2255800
2168500 777500 2210800
2246300 656800 2260300
2161800 567500 2352000
2178800 564000 2475000
2070700 495000 2290500
1977200 403800 2352100
2028000 300300 2450000
1987900 303500 2568300
2111800 208900 2405100
2295500 -161800 2603000
2385700 -243200 2671100
2514000 -261300 2616200
2549200 -199900 2495900
2457000 -119500 2430500
2328900 -099500 2482900
2231800 -012100 2409200
2166400 100800 2488400
2261700 150400 2596900
2250900 103100 2712200
2351700 239200 2558300
2640000 464800 2695900
2596000 362700 2474300
2534400 411700 2597900
2449300 292200 2655100
2379600 327700 2785800
2410200 271300 2892700
2282300 416200 2778200
2358400 -1040000 3035200
2204700 -1485400 2855600
2030900 -1424700 2971800
2147200 -1410700 2937700
2236300 -1300600 2988000
2316700 -1231000 2879200
2361200 -1087100 2896200
2283900 -996200 2801300
2312600 -994200 2679700
2189600 -920500 2855100
2040300 -706900 2992400
1881800 -867500 2883600
1993800 -766600 2860400
2108500 -825800 2777300
2204400 -721200 2720000
2203800 -691600 2599900
2286600 -670600 2811000
2388700 -569600 2780000
2470700 -535100 2903000
2473700 -621900 2664400
2489100 -555100 2560700
2524200 -742800 2682400
2678700 -1035100 2516200
2625900 -956700 2621300
2606400 -811200 2581800
2537600 -799500 2445400
2589500 -745700 2346700
2415900 -851600 2446500
2077600 -912400 2263900
2202000 -1038300 2436700
2181300 -906200 2376400
2324800 -856400 2332500
2321600 -724200 2257400
2359800 -724500 2138800
2281600 -616900 2323700
2067500 -371400 2548900
1950600 -402900 2618200
1854900 -477400 2549000
1871400 -519100 2417000
1988500 -485100 2351600
2087400 -411600 2417300
2213400 -375300 2346800
2274000 -484500 2260600
2410300 -436500 2210400
2417000 -375800 2102000
2510300 -463700 2292700
3013600 -225600 2705700
2962200 -219300 2566500
2903800 -353300 2526200
2856900 -355300 2381600
2751200 -463800 2356900
2646500 -422500 2255000
2672600 -479800 2116000
2689800 -401800 2020600
2670400 -611700 2106900
2743100 -904500 1872300
2586000 -896400 2066600
2707000 -831900 2001300
2695800 -680100 1978900
2598700 -635400 1870300
2637500 -606000 1756000
2473500 -628500 1909300
2063800 -523800 1751500
2004100 -661100 1953900
2109300 -633200 1847800
2238900 -585500 1910400
2363200 -589600 1820900
2392100 -462800 1742200
2389700 -465800 1617500
2420300 -355300 1813100
2904300 -053300 2256000
2827500 146900 2175000
2833100 014200 2165400
2765300 -053700 2072300
2675000 010100 1977700
2633500 -074600 1864500
2490900 -123700 1863100
2449400 -223600 1754700
2550300 -230200 1640300
2521400 -181300 1529300
2665500 -290300 1665300
2907700 -575700 1693500
2876200 -420900 1854100
2895500 -450000 1735300
2905600 -341800 1630400
2773300 -303400 1566400
2727900 -394700 1452700
2750900 -363000 1334800
2664300 -503500 1491800
2652300 -810300 1531000
2445400 -797600 1392300
2546100 -717300 1473100
2612600 -602700 1395600
2527200 -530700 1292000
2556700 -536500 1172000
2426300 -461100 1339800
2101700 -265600 1274200
2191800 -408800 1456500
2225000 -313000 1351500
2332600 -384100 1259000
2398400 -279500 1169600
2366400 -268500 1049800
2487700 -202500 1228500
2601900 -004200 1398000
2733200 089800 1204700
2664100 -033200 1262600
2562400 -094500 1163700
2632000 -140600 1035800
2607000 -089500 925800
2719100 -237300 1055400
2980700 -306100 1124000
3004800 -451400 920500
2907300 -385900 1017000
2800000 -299100 949200
2710400 -369700 848100
2728500 -354600 726100
2614600 -444400 900500
2585300 -760900 983600
2406900 -824300 820900
2440800 -736400 941400
2419900 -589600 909200
2518400 -518100 817400
2455600 -423000 716100
2478800 -440000 595000
2382700 -323800 765100
1994600 -097000 859500
1992600 032300 911100
1878900 074600 977000
1768300 -008800 992200
1767500 -137900 941700
1881900 -180400 875900
1909400 -300100 816600
2036000 -294200 764700
2093400 -172900 787800
2228300 -125300 747900
2317000 -226900 677100
2411700 -156200 581400
2366800 -131100 467300
2534200 -127200 619600
2845600 046400 512400
2767500 -045500 587900
2628400 -058600 530400
2628400 -116300 389700
2634300 -032900 296700
2619100 -246100 369000
2617300 -456300 236800
2616300 -304500 234300
2501400 -246900 152300
2523500 -223600 032400
2385200 -221400 208900
1965100 -636600 429000
2090600 -378600 207800
2045100 -501100 254100
2010700 -514600 387600
2022000 -405700 472600
2068400 -283100 426200
2102400 -267700 292000
2153600 -137400 234300
2270300 -165300 136800
2302900 -045000 050100
2293800 -056500 -073500
2337200 065500 113900
2414100 218700 278200
2348100 083700 258900
2392400 293000 149800
2371800 188300 041900
2495800 163700 -043200
2504300 210600 -157800
2588600 089900 015300
2870300 064200 149600
2904800 -116900 -019500
2802300 -027100 048700
2715500 053500 -049400
2690700 -019900 -181300
2738300 022200 -287700
2617500 -129200 -172400
2591400 -438500 -155600
2433200 -416700 -347600
2503500 -342700 -233900
2578800 -216700 -282900
2489800 -141700 -383100
2510700 -147400 -505300
2391900 -074200 -324400
2029000 178900 -490800
2097200 268800 -572200
2027400 331000 -674000
1892200 306200 -696700
1822500 216700 -617100
1892100 154100 -514600
1849700 062900 -421900
1955600 027800 -342000
2067000 097500 -378700
2203200 088700 -318100
2296300 003900 -404100
2377200 086600 -504300
2365600 069200 -626500
2460900 172300 -448700
2749300 566400 -405100
2505500 579200 -452900
2633500 501100 -480100
2618900 356000 -437000
2547700 258100 -530600
2636600 168700 -617400
2651000 197900 -737900
2693000 064100 -559000
2940200 -244200 -340600
2925200 -135000 -450200
2810300 -159700 -551200
2841200 -282000 -641700
2780600 -028300 -631000
2728300 -055000 -772100
2794200 -007500 -867400
2616400 -125900 -783600
2439300 -1132100 -1098100
2795400 -1093500 -1005400
2756600 -1166900 -1215000
2732300 -1172100 -1093100
2629900 -1270500 -1039900
2499400 -1204700 -988300
2527000 -1138100 -854300
2486100 -1198100 -752600
2595300 -1025700 -849900
2962600 -782800 -605100
2820100 -842800 -603800
2757600 -867600 -743700
2729100 -735800 -819200
2630900 -959900 -724000
2520400 -892800 -645300
2511700 -919900 -523200
2438800 -809700 -706700
1961000 -617000 -819200
2013300 -406700 -802400
2029100 -523400 -771700
2132400 -571400 -673800
2233900 -670500 -730200
2330700 -739300 -635600
2255600 -834900 -543800
2248300 -815100 -421500
2202100 -938800 -603800
2008100 -1270400 -595700
1977900 -1062000 -731000
2070300 -1142900 -652100
2125900 -1045400 -540000
2206200 -1124100 -437200
2161500 -1150000 -324300
2324900 -1162900 -479000
2753300 -1215400 -319000
2765600 -1352200 -526100
2673600 -1304400 -413500
2555200 -1230300 -472300
2419600 -1240200 -399600
2433600 -1192600 -255400
2394300 -1251900 -155000
2496600 -1078500 -249000
2752100 -714900 -293800
2818100 -877300 -117100
2704500 -789400 -168100
2583000 -868000 -208300
2535600 -995300 -136600
2421900 -969800 -038800
2430100 -992300 082700
2314100 -921200 -097600
2197600 -600700 -094700
2199000 -462200 -112900
2094200 -401100 -183800
1990100 -479100 -234400
1990700 -616300 -213800
2094500 -679600 -145200
2089600 -827900 -125400
2188900 -888100 -027400
2139600 -1013200 044700
2106800 -1009800 164100
2137700 -1122400 -029500
2231700 -1673600 150900
2098900 -1572600 081900
2193300 -1482700 -046300
2120600 -1358400 -086300
2096100 -1254100 021100
2168000 -1281900 153000
2105200 -1305000 257300
2299600 -1279700 146200
2585200 -1321100 090900
2631700 -1273300 333600
2533400 -1256800 218200
2390900 -1303700 257300
2347000 -1227400 382700
2322600 -1278300 491500
2341800 -1099100 359000
2342200 -644400 274000
2464600 -722400 476000
2332300 -729600 401000
2298900 -869600 356400
2307200 -991300 449800
2184500 -1016900 535600
2199300 -1019500 659100
2068800 -1034100 474800
1774200 -843600 388100
1832700 -981200 229800
1809600 -957100 349600
1822800 -1065700 454000
1942700 -1056800 547000
1955600 -1179500 637000
1931800 -1170800 758300
1993300 -1290200 575300
1986600 -1664100 597500
2192200 -1550800 514900
2045100 -1531900 549000
2011000 -1418300 646500
2108800 -1395400 761400
2077900 -1424500 878000
2223800 -1339500 727300
2537700 -1185300 856900
2445100 -1230300 759600
2330100 -1307000 822800
2267900 -1221600 934300
2276800 -1254300 1053200
2206400 -1114200 887600
2059800 -914700 897300
2139500 -1018700 974900
2046600 -1091100 1072200
2079400 -1096000 1190700
1938600 -1145100 1021600
1545600 -970600 632600
1511200 -1080600 720300
1615900 -1168200 782500
1666100 -1123400 920300
1718600 -1244300 995400
1833700 -1213200 1093100
1871000 117800 -002400
1932100 242100 -110200
1838800 342000 -140700
1783700 377600 007500
1869700 289500 131600
1840700 161100 150300
1816000 096000 304600
1784100 -032400 332600
1760200 -098900 486500
1729100 -226000 498100
1694900 -343100 606900
1666700 -467300 572600
1630600 -598400 666700
1607700 -713000 609100
1569500 -852200 691300
1974600 362100 223900
1752400 102400 -079700
1949600 000800 -002200
1772600 -015000 609300
1621300 -601100 821400
1848600 -1348800 1159700
1813900 -1363100 1278400
1889600 -1445200 1079700
1821900 -1796900 1019000
2056000 -1716700 971000
1914300 -1676200 1008100
1903300 -1584300 1130300
2006400 -1579800 1241900
1985900 -1639800 1349200
2111600 -1503200 1216300
2219000 -1487000 1316400
2156600 -1418600 1438800
2165300 -1463200 1553900
2092400 -1308600 1406500
1891900 -883200 1372200
1872500 -749700 1409600
1887700 -714100 1544400
1923000 -809800 1639800
1942300 -941200 1601100
1927600 -979100 1467700
1944800 -1119500 1425400
2023000 -1222500 1502500
1928200 -1301300 1592800
1933800 -1290300 1716100
1841000 -1378700 1530900
1742400 -1461200 1602600
1813500 -1548800 1705200
1773600 -1556900 1822600
1917700 -1615000 1660000
2236200 -1899900 1497800
2017000 -1968800 1594100
2145100 -1890400 1620500
2117000 -1743800 1646200
2001900 -1705000 1739300
2040500 -1639900 1871300
2032500 -1702800 1978300
2079700 -1514200 1865800
2341600 -1107800 1915200
2294200 -1243200 1975500
2152500 -1285900 1929200
2049300 -1177200 1970500
2119200 -1431300 1979400
2013300 -1434900 2089400
2047600 -1446700 2208400
1887100 -1424200 2051300
1400400 -1345200 2066900
1545800 -1222900 2227800
1524800 -1354600 2153600
1644500 -1387100 2064700
1772200 -1424500 2141700
1758600 -1555200 2219300
1734500 -1554300 2341400
1775100 -1665200 2147100
1974900 -2051000 2029700
1783000 -2147000 2164900
1870800 -2026100 2138400
1788200 -1904200 2097100
1769200 -1799600 2206900
1880800 -1804100 2312300
1861300 -1850300 2424900
1996100 -1754700 2267400
2415700 -1616700 2760200
2508200 -1466900 2613700
2450800 -1585000 2635400
2424000 -1670200 2536300
2451000 -1644500 2396100
2374400 -1728800 2301400
2234000 -1679500 2271800
2119200 -1745200 2347300
2086100 -1672200 2477800
2111000 -1725800 2587300
2027400 -1554500 2463200
