# title: Spiral.

# Generated with the "Modeler's Little Helper" by Tom Davis <davis@sgi.com>.
# (I found this code on Silicon Graphics Totally Insane CD.)
#
# --Ernst <mucke@cs.uiuc.edu>

# [n = 1248, int coordinates]
-2578220 -288657 -2033030
-2578220 -288657 -33029
-2578220 -288657 1966970
-2578220 288657 -1966970
-2578220 288657 33029
-2578220 288657 2033030
-2540950 -265190 -2181940
-2540950 -265190 -181944
-2540950 -265190 1818060
-2540950 265190 181944
-2540950 265191 -1818060
-2540950 265191 2181940
-2535460 -304582 -1884590
-2535460 -304582 115408
-2535460 -304582 2115410
-2535460 304582 -115408
-2535460 304583 -2115410
-2535460 304583 1884590
-2468770 -858154 -2100640
-2468770 -858154 -100643
-2468770 -858154 1899360
-2468770 858154 -1899360
-2468770 858154 100643
-2468770 858154 2100640
-2438130 -827903 -2249850
-2438130 -827903 -249847
-2438130 -827903 1750150
-2438130 827903 -1750150
-2438130 827903 249847
-2438130 827904 2249850
-2433640 -240470 -2291430
-2433640 -240470 -291434
-2433640 -240470 1708570
-2433640 240470 291434
-2433640 240471 -1708570
-2433640 240471 2291430
-2424130 -308700 2223590
-2424130 -308699 -1776410
-2424130 -308699 223595
-2424130 308700 -2223590
-2424130 308700 -223595
-2424130 308700 1776410
-2422410 -865334 -1952610
-2422410 -865334 47393
-2422410 -865334 2047390
-2422410 865335 -2047390
-2422410 865335 -47393
-2422410 865335 1952610
-2338710 -782688 -2360240
-2338710 -782688 -360239
-2338710 -782688 1639760
-2338710 782688 -1639760
-2338710 782688 360239
-2338710 782688 2360240
-2311480 -847521 -1845400
-2311480 -847521 2154600
-2311480 -847520 154597
-2311480 847521 -2154600
-2311480 847521 -154597
-2311480 847521 1845400
-2285030 -221120 -2332160
-2285030 -221120 -332162
-2285030 -221120 1667840
-2285030 221120 332162
-2285030 221121 -1667840
-2285030 221121 2332160
-2274060 -299905 -1737460
-2274060 -299905 262542
-2274060 -299905 2262540
-2274060 299905 -262542
-2274060 299906 -2262540
-2274060 299906 1737460
-2240300 -1399790 -2172550
-2240300 -1399790 -172554
-2240300 -1399790 1827450
-2240300 1399790 -1827450
-2240300 1399790 172554
-2240300 1399790 2172550
-2217360 -1362960 -2321660
-2217360 -1362960 -321660
-2217360 -1362960 1678340
-2217360 1362960 -1678340
-2217360 1362960 321660
-2217360 1362960 2321660
-2197140 -734624 -2402240
-2197140 -734624 1597760
-2197140 -734623 -402239
-2197140 734624 -1597760
-2197140 734624 402239
-2197140 734624 2402240
-2193350 -1396920 -2024560
-2193350 -1396920 -24556
-2193350 -1396920 1975440
-2193350 1396920 -1975440
-2193350 1396920 24556
-2193350 1396920 2024560
-2165700 -809486 -1807760
-2165700 -809486 192242
-2165700 -809486 2192240
-2165700 809486 -2192240
-2165700 809486 -192242
-2165700 809486 1807760
-2134960 -212326 -2293210
-2134960 -212326 -293215
-2134960 -212326 1706790
-2134960 212326 -1706790
-2134960 212326 293215
-2134960 212326 2293220
-2130660 -1296310 -2431920
-2130660 -1296310 -431924
-2130660 -1296310 1568080
-2130660 1296310 -1568080
-2130660 1296310 431924
-2130660 1296310 2431920
-2125460 -280556 2221810
-2125460 -280555 -1778190
-2125460 -280555 221814
-2125460 280556 -2221810
-2125460 280556 -221814
-2125460 280556 1778190
-2089090 -1355130 -1917320
-2089090 -1355130 82675
-2089090 -1355130 2082669
-2089090 1355130 -2082669
-2089090 1355130 -82674
-2089090 1355130 1917330
-2051359 -696589 -2364590
-2051359 -696589 -364594
-2051359 -696589 1635410
-2051359 696589 -1635410
-2051359 696589 364594
-2051359 696589 2364590
-2024130 -761421 -1849760
-2024130 -761421 150241
-2024130 -761421 2150240
-2024130 761422 -2150240
-2024130 761422 -150241
-2024130 761422 1849760
-2023629 -216443 -2185030
-2023629 -216443 -185028
-2023629 -216443 1814970
-2023629 216443 185028
-2023629 216444 -1814970
-2023629 216444 2185030
-2018150 -255836 2112320
-2018150 -255834 -1887680
-2018150 -255834 112324
-2018150 255836 -2112320
-2018150 255836 -112324
-2018150 255836 1887680
-2003460 -1217700 -2473800
-2003460 -1217700 -473799
-2003460 -1217700 1526200
-2003460 1217700 -1526200
-2003460 1217700 473799
-2003460 1217700 2473800
-1980880 -232369 -2036590
-1980880 -232369 -36590
-1980880 -232369 1963410
-1980880 232369 -1963410
-1980880 232369 36590
-1980880 232369 2036590
-1955450 -1285620 -1879590
-1955450 -1285620 120408
-1955450 -1285620 2120410
-1955450 1285620 -2120410
-1955450 1285620 -120408
-1955450 1285620 1879590
-1940430 -678775 -2257390
-1940430 -678775 -257390
-1940430 -678775 1742610
-1940430 678775 -1742610
-1940430 678775 257390
-1940430 678776 2257390
-1924710 -716206 -1960150
-1924710 -716206 39849
-1924710 -716206 2039850
-1924710 716206 -2039850
-1924710 716206 -39849
-1924710 716207 1960150
-1894070 -685956 -2109350
-1894070 -685956 -109354
-1894070 -685956 1890650
-1894070 685956 -1890650
-1894070 685956 109354
-1894070 685956 2109350
-1878800 -1878800 -2250000
-1878800 -1878800 -250000
-1878800 -1878800 1750000
-1878800 1878800 -1750000
-1878800 1878800 250000
-1878800 1878800 2250000
-1869820 -1148190 -2436070
-1869820 -1148190 -436066
-1869820 -1148190 1563930
-1869820 1148190 -1563930
-1869820 1148190 436066
-1869820 1148190 2436070
-1865230 -1835530 -2398520
-1865230 -1835530 -398522
-1865230 -1835530 1601480
-1865230 1835530 -1601480
-1865230 1835530 398522
-1865230 1835530 2398520
-1835530 -1865230 -2101480
-1835530 -1865230 -101478
-1835530 -1865230 1898520
-1835530 1865230 -1898520
-1835530 1865230 101478
-1835530 1865230 2101480
-1828240 -1207010 -1921470
-1828240 -1207010 78533
-1828240 -1207010 2078530
-1828240 1207010 -2078530
-1828240 1207010 -78533
-1828240 1207010 1921470
-1798460 -1747010 -2507250
-1798460 -1747010 -507248
-1798460 -1747010 1492750
-1798460 1747010 -1492750
-1798460 1747010 507248
-1798460 1747010 2507250
-1765550 -1106400 -2328830
-1765550 -1106400 -328834
-1765550 -1106400 1671170
-1765550 1106400 -1671170
-1765550 1106400 328834
-1765550 1106400 2328830
-1747010 -1798460 -1992750
-1747010 -1798460 7247
-1747010 -1798460 2007250
-1747010 1798460 -2007250
-1747010 1798460 -7247
-1747010 1798460 1992750
-1741550 -1140360 -2031730
-1741550 -1140360 -31730
-1741550 -1140360 1968270
-1741550 1140360 -1968270
-1741550 1140360 31730
-1741550 1140360 2031730
-1718610 -1103540 1819160
-1718610 -1103530 -2180840
-1718610 -1103530 -180837
-1718610 1103530 -1819160
-1718610 1103540 180837
-1718610 1103540 2180840
-1696370 -1636960 -2547040
-1696370 -1636960 -547044
-1696370 -1636960 1452960
-1696370 1636960 -1452960
-1696370 1636960 547044
-1696370 1636960 2547040
-1636960 -1696370 -1952960
-1636960 -1696370 47044
-1636960 -1696370 2047040
-1636960 1696370 -2047040
-1636960 1696370 -47044
-1636960 1696370 1952960
-1586330 -1534880 -2507250
-1586330 -1534880 -507248
-1586330 -1534880 1492750
-1586330 1534880 -1492750
-1586330 1534880 507248
-1586330 1534880 2507250
-1534880 -1586330 -1992750
-1534880 -1586330 7247
-1534880 -1586330 2007250
-1534880 1586330 -2007250
-1534880 1586330 -7247
-1534880 1586330 1992750
-1497810 -1468100 -2398520
-1497810 -1468100 -398522
-1497810 -1468100 1601480
-1497810 1468100 -1601480
-1497810 1468100 398522
-1497810 1468100 2398520
-1468100 -1497810 -2101480
-1468100 -1497810 -101478
-1468100 -1497810 1898520
-1468100 1497810 -1898520
-1468100 1497810 101478
-1468100 1497810 2101480
-1454530 -1454530 -2250000
-1454530 -1454530 -250000
-1454530 -1454530 1750000
-1454530 1454530 -1750000
-1454530 1454530 250000
-1454530 1454530 2250000
-1399790 -2240300 -327446
-1399790 -2240300 1672550
-1399790 2240300 -1672550
-1399790 2240300 327447
-1396920 -2193350 -475443
-1396920 -2193350 1524560
-1396920 2193350 -1524560
-1396920 2193350 475444
-1362960 -2217360 -178340
-1362960 -2217360 1821660
-1362960 2217360 -1821660
-1362960 2217360 178340
-1355130 -2089090 -582675
-1355130 -2089090 1417330
-1355130 2089090 -1417330
-1355130 2089090 582675
-1296310 -2130660 -68076
-1296310 -2130660 1931920
-1296310 2130660 -1931920
-1296310 2130660 68076
-1285620 -1955450 -620408
-1285620 -1955450 1379590
-1285620 1955450 -1379590
-1285620 1955450 620408
-1217700 -2003460 -26200
-1217700 -2003460 1973800
-1217700 2003460 -1973800
-1217700 2003460 26200
-1207010 -1828240 -578533
-1207010 -1828240 1421470
-1207010 1828240 -1421470
-1207010 1828240 578533
-1148190 -1869820 -63934
-1148190 -1869820 1936070
-1148190 1869820 -1936070
-1148190 1869820 63934
-1140360 -1741550 -468269
-1140360 -1741550 1531730
-1140360 1741550 -1531730
-1140360 1741550 468269
-1106400 -1765550 -171166
-1106400 -1765550 1828830
-1106400 1765550 -1828830
-1106400 1765550 171166
-1103540 -1718610 -319163
-1103530 -1718610 1680840
-1103530 1718610 -1680840
-1103530 1718610 319163
-865335 -2422410 -547393
-865335 -2422410 1452610
-865334 2422410 -1452610
-865334 2422410 547393
-858154 -2468770 -399357
-858154 -2468770 1600640
-858154 2468770 -1600640
-858154 2468770 399357
-847521 -2311480 -654597
-847521 -2311480 1345400
-847520 2311480 -1345400
-847520 2311480 654597
-827904 -2438130 -250153
-827903 -2438130 1749850
-827903 2438130 -1749850
-827903 2438130 250153
-809486 -2165700 -692242
-809486 -2165700 1307760
-809486 2165700 -1307760
-809486 2165700 692242
-782688 -2338710 -139761
-782688 -2338710 1860240
-782688 2338710 -1860240
-782688 2338710 139762
-761422 -2024130 -650241
-761422 -2024130 1349760
-761421 2024130 -1349760
-761421 2024130 650241
-734624 -2197140 -97761
-734624 -2197140 1902240
-734623 2197140 -1902240
-734623 2197140 97761
-716207 -1924710 -539850
-716206 -1924710 1460150
-716206 1924710 -1460150
-716206 1924710 539850
-696589 -2051359 -135406
-696589 -2051359 1864590
-696589 2051359 -1864590
-696589 2051359 135406
-685956 -1894070 -390646
-685956 -1894070 1609350
-685956 1894070 -1609350
-685955 1894070 390646
-678776 -1940430 -242610
-678775 -1940430 1757390
-678775 1940430 -1757390
-678775 1940430 242610
-308700 -2424130 -723595
-308700 -2424130 1276410
-308699 2424130 -1276410
-308699 2424130 723595
-304583 -2535460 -615408
-304583 -2535460 1384590
-304582 2535460 -1384590
-304582 2535460 615408
-299906 -2274060 -762542
-299906 -2274060 1237460
-299905 2274060 -1237460
-299905 2274060 762542
-288657 -2578220 -466971
-288657 -2578220 1533030
-288657 2578220 -1533030
-288657 2578220 466971
-280556 -2125460 -721814
-280556 -2125460 1278190
-280555 2125460 -1278190
-280555 2125460 721814
-265191 -2540950 -318056
-265191 -2540950 1681940
-265190 2540950 -1681940
-265190 2540950 318056
-255836 -2018150 -612324
-255836 -2018150 1387680
-255834 2018150 -1387680
-255834 2018150 612324
-240471 -2433640 -208566
-240471 -2433640 1791430
-240470 2433640 -1791430
-240470 2433640 208566
-232369 -1980880 -463409
-232369 -1980880 1536590
-232369 1980880 -1536590
-232369 1980880 463409
-221121 -2285030 -167838
-221121 -2285030 1832160
-221120 2285030 -1832160
-221120 2285030 167838
-216444 -2023629 -314972
-216444 -2023629 1685030
-216443 2023629 -1685030
-216443 2023629 314972
-212326 -2134960 -206785
-212326 -2134960 1793210
-212326 2134960 -1793210
-212326 2134960 206785
-200000 -1500000 0
-200000 -1481530 -234652
-200000 -1481530 234652
-200000 -1426580 -463525
-200000 -1426580 463526
-200000 -1336510 -680986
-200000 -1336510 680986
-200000 -1213530 -881678
-200000 -1213530 881678
-200000 -1060660 -1060660
-200000 -1060660 1060660
-200000 -881678 -1213530
-200000 -881678 1213530
-200000 -680986 -1336510
-200000 -680986 1336510
-200000 -463526 -1426580
-200000 -463526 1426580
-200000 -234652 -1481530
-200000 -234652 1481530
-200000 0 -1500000
-200000 0 1500000
-200000 234652 -1481530
-200000 234652 1481530
-200000 463525 -1426580
-200000 463525 1426580
-200000 680986 -1336510
-200000 680986 1336510
-200000 881678 -1213530
-200000 881678 1213530
-200000 1060660 -1060660
-200000 1060660 1060660
-200000 1213530 -881678
-200000 1213530 881678
-200000 1336510 -680986
-200000 1336510 680986
-200000 1426580 -463526
-200000 1426580 463526
-200000 1481530 -234652
-200000 1481530 234652
-200000 1500000 0
-173205 -1600000 0
-173205 -1580300 -250295
-173205 -1580300 250295
-173205 -1521690 -494427
-173205 -1521690 494427
-173205 -1425610 -726385
-173205 -1425610 726385
-173205 -1400000 0
-173205 -1382760 -219008
-173205 -1382760 219008
-173205 -1331480 -432624
-173205 -1331480 432624
-173205 -1294430 -940456
-173205 -1294430 940456
-173205 -1247410 -635587
-173205 -1247410 635587
-173205 -1132620 -822899
-173205 -1132620 822899
-173205 -1131370 -1131370
-173205 -1131370 1131370
-173205 -989950 -989949
-173205 -989950 989950
-173205 -940456 -1294430
-173205 -940456 1294430
-173205 -822899 -1132620
-173205 -822899 1132620
-173205 -726385 -1425610
-173205 -726385 1425610
-173205 -635587 -1247410
-173205 -635587 1247410
-173205 -494427 -1521690
-173205 -494427 1521690
-173205 -432624 -1331480
-173205 -432624 1331480
-173205 -250295 -1580300
-173205 -250295 1580300
-173205 -219008 -1382760
-173205 -219008 1382760
-173205 0 -1600000
-173205 0 -1400000
-173205 0 1400000
-173205 0 1600000
-173205 219008 -1382760
-173205 219008 1382760
-173205 250295 -1580300
-173205 250295 1580300
-173205 432624 -1331480
-173205 432624 1331480
-173205 494427 -1521690
-173205 494427 1521690
-173205 635587 -1247410
-173205 635587 1247410
-173205 726385 -1425610
-173205 726385 1425610
-173205 822899 -1132620
-173205 822899 1132620
-173205 940457 -1294430
-173205 940457 1294430
-173205 989949 989950
-173205 989950 -989949
-173205 1131370 -1131370
-173205 1131370 1131370
-173205 1132620 -822899
-173205 1132620 822899
-173205 1247410 -635587
-173205 1247410 635587
-173205 1294430 -940456
-173205 1294430 940456
-173205 1331480 -432624
-173205 1331480 432624
-173205 1382760 -219008
-173205 1382760 219008
-173205 1400000 0
-173205 1425610 -726385
-173205 1425610 726385
-173205 1521690 -494427
-173205 1521690 494427
-173205 1580300 -250295
-173205 1580300 250295
-173205 1600000 0
-100000 -1673210 0
-100000 -1652610 -261747
-100000 -1652610 261747
-100000 -1591310 -517049
-100000 -1591310 517049
-100000 -1490840 -759619
-100000 -1490840 759619
-100000 -1353650 -983485
-100000 -1353650 983485
-100000 -1326790 0
-100000 -1310460 -207556
-100000 -1310460 207556
-100000 -1261860 -410002
-100000 -1261860 410002
-100000 -1183130 -1183130
-100000 -1183130 1183130
-100000 -1182180 -602352
-100000 -1182180 602352
-100000 -1073400 -779870
-100000 -1073400 779870
-100000 -983485 -1353650
-100000 -983485 1353650
-100000 -938186 -938186
-100000 -938186 938186
-100000 -779871 -1073400
-100000 -779870 1073400
-100000 -759619 -1490840
-100000 -759619 1490840
-100000 -602352 -1182180
-100000 -517049 -1591310
-100000 -517049 1591310
-100000 -410002 -1261860
-100000 -261747 -1652610
-100000 -261747 1652610
-100000 -207556 -1310460
-100000 0 -1673210
-100000 0 -1326790
-100000 0 1673210
-100000 207556 -1310460
-100000 261747 -1652610
-100000 261747 1652610
-100000 410002 -1261860
-100000 517049 -1591310
-100000 517049 1591310
-100000 602352 -1182180
-100000 759619 -1490840
-100000 759619 1490840
-100000 779871 -1073400
-100000 779871 1073400
-100000 938186 -938186
-100000 938186 938186
-100000 983485 -1353650
-100000 983485 1353650
-100000 1073400 -779870
-100000 1073400 779870
-100000 1182180 -602352
-100000 1182180 602352
-100000 1183130 -1183130
-100000 1183130 1183130
-100000 1261860 -410002
-100000 1261860 410002
-100000 1310460 -207557
-100000 1310460 207557
-100000 1326790 0
-100000 1353650 -983485
-100000 1353650 983485
-100000 1490840 -759620
-100000 1490840 759619
-100000 1591310 -517049
-100000 1591310 517049
-100000 1652610 -261747
-100000 1652610 261747
-100000 1673210 0
-99999 -602352 1182180
-99999 -410002 1261860
-99999 -207556 1310460
-99999 0 1326790
-99999 207556 1310460
-99999 410002 1261860
-99999 602352 1182180
0 -1700000 0
0 -1679070 -265939
0 -1679070 265939
0 -1616800 -525329
0 -1616800 525329
0 -1514710 -771784
0 -1514710 771784
0 -1375330 -999235
0 -1375330 999235
0 -1300000 0
0 -1283990 -203365
0 -1283990 203365
0 -1236370 -401722
0 -1236370 401722
0 -1202080 -1202080
0 -1202080 1202080
0 -1158310 -590188
0 -1158310 590188
0 -1051720 -764121
0 -1051720 764121
0 -999235 -1375330
0 -999235 1375330
0 -919239 -919239
0 -919239 919239
0 -771784 -1514710
0 -771784 1514710
0 -764121 -1051720
0 -764121 1051720
0 -590188 -1158310
0 -590188 1158310
0 -525329 -1616800
0 -525329 1616800
0 -401722 -1236370
0 -401722 1236370
0 -265939 -1679070
0 -265939 1679070
0 -203365 -1283990
0 -203365 1283990
0 0 -1700000
0 0 -1300000
0 0 1300000
0 0 1700000
0 203365 -1283990
0 203365 1283990
0 265938 -1679070
0 265938 1679070
0 401722 -1236370
0 401722 1236370
0 525329 -1616800
0 525329 1616800
0 590188 -1158310
0 590188 1158310
0 764121 -1051720
0 764121 1051720
0 771784 -1514710
0 771784 1514710
0 919239 -919239
0 919239 919239
0 999235 -1375330
0 999235 1375330
0 1051720 -764121
0 1051720 764121
0 1158310 -590188
0 1158310 590188
0 1202080 -1202080
0 1202080 1202080
0 1236370 -401722
0 1236370 401722
0 1283990 -203365
0 1283990 203365
0 1300000 0
0 1375330 -999235
0 1375330 999235
0 1514710 -771784
0 1514710 771784
0 1616800 -525329
0 1616800 525329
0 1679070 -265939
0 1679070 265939
0 1700000 0
99999 -1183130 -1183130
99999 -983485 -1353650
99999 -759619 -1490840
99999 -517049 -1591310
99999 -261747 -1652610
99999 -207556 -1310460
99999 0 -1673210
99999 0 -1326790
99999 207556 -1310460
99999 261747 -1652610
99999 517049 -1591310
99999 759619 -1490840
99999 983485 -1353650
99999 1183130 -1183130
100000 -1673210 0
100000 -1652610 -261747
100000 -1652610 261747
100000 -1591310 -517049
100000 -1591310 517049
100000 -1490840 -759619
100000 -1490840 759619
100000 -1353650 -983485
100000 -1353650 983485
100000 -1326790 0
100000 -1310460 -207556
100000 -1310460 207556
100000 -1261860 -410002
100000 -1261860 410002
100000 -1183130 1183130
100000 -1182180 -602352
100000 -1182180 602352
100000 -1073400 -779870
100000 -1073400 779870
100000 -983485 1353650
100000 -938186 -938186
100000 -938186 938186
100000 -779871 -1073400
100000 -779870 1073400
100000 -759619 1490840
100000 -602352 -1182180
100000 -602352 1182180
100000 -517049 1591310
100000 -410002 -1261860
100000 -410002 1261860
100000 -261747 1652610
100000 -207556 1310460
100000 0 1326790
100000 0 1673210
100000 207556 1310460
100000 261747 1652610
100000 410002 -1261860
100000 410002 1261860
100000 517049 1591310
100000 602352 -1182180
100000 602352 1182180
100000 759619 1490840
100000 779871 -1073400
100000 779871 1073400
100000 938186 -938186
100000 938186 938186
100000 983485 1353650
100000 1073400 -779870
100000 1073400 779870
100000 1182180 -602353
100000 1182180 602352
100000 1183130 1183130
100000 1261860 -410002
100000 1261860 410002
100000 1310460 -207557
100000 1310460 207557
100000 1326790 0
100000 1353650 -983485
100000 1353650 983485
100000 1490840 -759620
100000 1490840 759619
100000 1591310 -517049
100000 1591310 517049
100000 1652610 -261747
100000 1652610 261747
100000 1673210 0
173205 -1600000 0
173205 -1580300 -250295
173205 -1580300 250295
173205 -1521690 -494427
173205 -1521690 494427
173205 -1425610 -726385
173205 -1425610 726385
173205 -1400000 0
173205 -1382760 -219008
173205 -1382760 219008
173205 -1331480 -432624
173205 -1331480 432624
173205 -1294430 -940456
173205 -1294430 940456
173205 -1247410 -635587
173205 -1247410 635587
173205 -1132620 -822899
173205 -1132620 822899
173205 -1131370 -1131370
173205 -1131370 1131370
173205 -989950 -989949
173205 -989949 989949
173205 -940456 -1294430
173205 -940456 1294430
173205 -822899 -1132620
173205 -822899 1132620
173205 -726385 -1425610
173205 -726385 1425610
173205 -635587 -1247410
173205 -635587 1247410
173205 -494427 -1521690
173205 -494427 1521690
173205 -432624 -1331480
173205 -432624 1331480
173205 -250295 -1580300
173205 -250295 1580300
173205 -219008 -1382760
173205 -219008 1382760
173205 0 -1600000
173205 0 -1400000
173205 0 1400000
173205 0 1600000
173205 219008 -1382760
173205 219008 1382760
173205 250295 -1580300
173205 250295 1580300
173205 432624 -1331480
173205 432624 1331480
173205 494427 -1521690
173205 494427 1521690
173205 635587 -1247410
173205 635587 1247410
173205 726385 -1425610
173205 726385 1425610
173205 822899 -1132620
173205 822899 1132620
173205 940457 -1294430
173205 940457 1294430
173205 989949 989950
173205 989950 -989949
173205 1131370 -1131370
173205 1131370 1131370
173205 1132620 -822899
173205 1132620 822899
173205 1247410 -635587
173205 1247410 635587
173205 1294430 -940456
173205 1294430 940456
173205 1331480 -432624
173205 1331480 432624
173205 1382760 -219008
173205 1382760 219008
173205 1400000 0
173205 1425610 -726385
173205 1425610 726385
173205 1521690 -494427
173205 1521690 494427
173205 1580300 -250295
173205 1580300 250295
173205 1600000 0
200000 -1500000 0
200000 -1481530 -234652
200000 -1481530 234652
200000 -1426580 -463525
200000 -1426580 463526
200000 -1336510 -680986
200000 -1336510 680986
200000 -1213530 -881678
200000 -1213530 881678
200000 -1060660 -1060660
200000 -1060660 1060660
200000 -881678 -1213530
200000 -881678 1213530
200000 -680986 -1336510
200000 -680986 1336510
200000 -463526 -1426580
200000 -463526 1426580
200000 -234652 -1481530
200000 -234652 1481530
200000 0 -1500000
200000 0 1500000
200000 234652 -1481530
200000 234652 1481530
200000 463525 -1426580
200000 463525 1426580
200000 680986 -1336510
200000 680986 1336510
200000 881678 -1213530
200000 881678 1213530
200000 1060660 -1060660
200000 1060660 1060660
200000 1213530 -881678
200000 1213530 881678
200000 1336510 -680986
200000 1336510 680986
200000 1426580 -463526
200000 1426580 463526
200000 1481530 -234652
200000 1481530 234652
200000 1500000 0
212326 -2134960 -793215
212326 -2134960 1206790
212326 2134960 793215
212327 2134960 -1206790
216443 -2023629 -685028
216443 -2023629 1314970
216444 2023629 -1314970
216444 2023629 685028
221120 -2285030 -832162
221120 -2285030 1167840
221121 2285030 -1167840
221121 2285030 832162
232368 -1980880 1463410
232369 -1980880 -536591
232369 1980880 536591
232370 1980880 -1463410
240470 -2433640 -791434
240470 -2433640 1208570
240471 2433630 -1208570
240471 2433640 791434
255834 -2018150 -387676
255834 -2018150 1612320
255836 2018150 -1612320
255836 2018150 387676
265190 -2540950 -681944
265190 -2540950 1318060
265191 2540950 -1318060
265191 2540950 681944
280555 -2125460 -278186
280555 -2125460 1721810
280556 2125460 -1721810
280556 2125460 278186
288656 -2578220 1466970
288657 -2578220 -533029
288657 2578220 533029
288658 2578220 -1466970
299905 -2274060 -237458
299905 -2274060 1762540
299906 2274060 -1762540
299906 2274060 237458
304582 -2535460 -384592
304582 -2535460 1615410
304583 2535460 -1615410
304583 2535460 384592
308699 -2424130 -276405
308699 -2424130 1723590
308700 2424130 276405
308701 2424130 -1723590
678775 -1940430 -757390
678775 -1940430 1242610
678776 1940430 -1242610
678776 1940430 757390
685955 -1894070 -609354
685955 -1894070 1390650
685956 1894070 -1390650
685956 1894070 609354
696589 -2051359 -864594
696589 -2051359 1135410
696589 2051359 864594
696590 2051359 -1135410
716206 -1924710 -460150
716206 -1924710 1539850
716207 1924710 -1539850
716207 1924710 460150
734623 -2197140 -902239
734623 -2197140 1097760
734624 2197140 902239
734625 2197140 -1097760
761421 -2024130 -349759
761421 -2024130 1650240
761422 2024130 -1650240
761422 2024130 349759
782688 -2338710 -860239
782688 -2338710 1139760
782688 2338710 860239
782689 2338710 -1139760
809486 -2165700 -307758
809486 -2165700 1692240
809486 2165700 307758
809487 2165700 -1692240
827903 -2438130 -749847
827903 -2438130 1250150
827904 2438130 -1250150
827904 2438130 749847
847520 -2311480 -345403
847520 -2311480 1654600
847521 2311480 345403
847522 2311480 -1654600
858154 -2468770 -600643
858154 -2468770 1399360
858154 2468770 600643
858155 2468770 -1399360
865334 -2422410 -452607
865334 -2422410 1547390
865335 2422410 -1547390
865335 2422410 452607
1103530 -1718610 -680837
1103530 -1718610 1319160
1103540 1718610 -1319160
1103540 1718610 680837
1106400 -1765550 -828834
1106400 -1765550 1171170
1106400 1765550 -1171170
1106400 1765550 828834
1140360 -1741550 -531731
1140360 -1741550 1468270
1140360 1741550 -1468270
1140360 1741550 531731
1148190 -1869820 -936066
1148190 -1869820 1063930
1148190 1869820 -1063930
1148190 1869820 936066
1207010 -1828240 -421467
1207010 -1828240 1578530
1207010 1828240 -1578530
1207010 1828240 421467
1217700 -2003460 -973799
1217700 -2003460 1026200
1217700 2003460 -1026200
1217700 2003460 973799
1285620 -1955450 -379592
1285620 -1955450 1620410
1285620 1955450 -1620410
1285620 1955450 379592
1296310 -2130660 -931924
1296310 -2130660 1068080
1296310 2130660 -1068080
1296310 2130660 931924
1355130 -2089090 -417325
1355130 -2089090 1582670
1355130 2089090 -1582680
1355130 2089090 417325
1362960 -2217360 -821660
1362960 -2217360 1178340
1362960 2217360 -1178340
1362960 2217360 821660
1396920 -2193350 -524557
1396920 -2193350 1475440
1396920 2193350 -1475440
1396920 2193350 524557
1399790 -2240300 -672554
1399790 -2240300 1327450
1399790 2240300 -1327450
1399790 2240300 672554
1454530 -1454530 -750000
1454530 -1454530 1250000
1454530 1454530 -1250000
1454530 1454530 750000
1468100 -1497810 -898522
1468100 -1497810 1101480
1468100 1497810 -1101480
1468100 1497810 898522
1497810 -1468100 -601478
1497810 -1468100 1398520
1497810 1468100 -1398520
1497810 1468100 601478
1534880 -1586330 -1007250
1534880 -1586330 992752
1534880 1586330 -992752
1534880 1586330 1007250
1586330 -1534880 -492752
1586330 -1534880 1507250
1586330 1534880 -1507250
1586330 1534880 492752
1636960 -1696370 -1047040
1636960 -1696370 952956
1636960 1696370 -952956
1636960 1696370 1047040
1696370 -1636960 -452956
1696370 -1636960 1547040
1696370 1636960 -1547040
1696370 1636960 452956
1718610 -1103540 -819163
1718610 -1103530 1180840
1718610 1103530 -1180840
1718610 1103530 819163
1741550 -1140360 -968269
1741550 -1140360 1031730
1741550 1140360 -1031730
1741550 1140360 968270
1747010 -1798460 -1007250
1747010 -1798460 992752
1747010 1798460 -992752
1747010 1798460 1007250
1765550 -1106400 -671166
1765550 -1106400 1328830
1765550 1106400 -1328830
1765550 1106400 671166
1798460 -1747010 -492752
1798460 -1747010 1507250
1798460 1747010 -1507250
1798460 1747010 492752
1828240 -1207010 -1078530
1828240 -1207010 921467
1828240 1207010 -921467
1828240 1207010 1078530
1835530 -1865230 -898522
1835530 -1865230 1101480
1835530 1865230 -1101480
1835530 1865230 898522
1865230 -1835530 -601478
1865230 -1835530 1398520
1865230 1835530 -1398520
1865230 1835530 601478
1869820 -1148190 -563934
1869820 -1148190 1436070
1869820 1148190 -1436070
1869820 1148190 563934
1878800 -1878800 -750000
1878800 -1878800 1250000
1878800 1878800 -1250000
1878800 1878800 750000
1894070 -685956 -890646
1894070 -685956 1109350
1894070 685955 -1109350
1894070 685955 890646
1924710 -716207 -1039849
1924710 -716206 960150
1924710 716206 -960150
1924710 716206 1039849
1940430 -678776 -742609
1940430 -678775 1257390
1940430 678775 -1257390
1940430 678775 742610
1955450 -1285620 -1120410
1955450 -1285620 879592
1955450 1285620 -879592
1955450 1285620 1120410
1980880 -232370 -963409
1980880 -232369 1036589
1980880 232368 -1036589
1980880 232369 963409
2003460 -1217700 -526201
2003460 -1217700 1473800
2003460 1217700 -1473800
2003460 1217700 526201
2018150 -255836 -1112320
2018150 -255836 887676
2018150 255834 -887676
2018150 255834 1112320
2023629 -216444 -814972
2023629 -216444 1185030
2023629 216443 -1185030
2023629 216443 814972
2024130 -761422 -1150240
2024130 -761422 849759
2024130 761421 -849759
2024130 761421 1150240
2051359 -696590 -635406
2051359 -696589 1364590
2051359 696589 -1364590
2051359 696589 635406
2089090 -1355130 -1082670
2089090 -1355130 917325
2089090 1355130 -917325
2089090 1355130 1082670
2125460 -280556 -1221810
2125460 -280556 778186
2125460 280555 -778186
2125460 280555 1221810
2130660 -1296310 -568076
2130660 -1296310 1431920
2130660 1296310 -1431920
2130660 1296310 568076
2134960 -212327 -706785
2134960 -212326 1293210
2134960 212326 -1293210
2134960 212326 706785
2165700 -809487 -1192240
2165700 -809486 807758
2165700 809486 -807758
2165700 809486 1192240
2193350 -1396920 -975443
2193350 -1396920 1024559
2193350 1396920 -1024559
2193350 1396920 975443
2197140 -734625 -597761
2197140 -734624 1402240
2197140 734623 -1402240
2197140 734623 597761
2217360 -1362960 -678340
2217360 -1362960 1321660
2217360 1362960 -1321660
2217360 1362960 678340
2240300 -1399790 -827446
2240300 -1399790 1172550
2240300 1399790 -1172550
2240300 1399790 827447
2274060 -299906 -1262540
2274060 -299906 737458
2274060 299905 -737458
2274060 299905 1262540
2285030 -221121 -667838
2285030 -221121 1332160
2285030 221120 -1332160
2285030 221120 667838
2311480 -847522 -1154600
2311480 -847521 845403
2311480 847520 -845403
2311480 847520 1154600
2338710 -782689 -639761
2338710 -782688 1360240
2338710 782688 -1360240
2338710 782688 639762
2422410 -865335 -1047390
2422410 -865335 952607
2422410 865334 -952607
2422410 865334 1047390
2424130 -308701 -1223590
2424130 -308700 776405
2424130 308699 -776405
2424130 308699 1223590
2433630 -240471 -708566
2433640 -240471 1291430
2433640 240470 -1291430
2433640 240470 708566
2438130 -827904 -750153
2438130 -827903 1249850
2438130 827903 -1249850
2438130 827903 750153
2468770 -858155 -899357
2468770 -858154 1100640
2468770 858154 -1100640
2468770 858154 899357
2535460 -304583 -1115410
2535460 -304583 884592
2535460 304582 -884592
2535460 304582 1115410
2540950 -265191 -818056
2540950 -265191 1181940
2540950 265190 -1181940
2540950 265190 818056
2578220 -288658 -966971
2578220 -288657 1033029
2578220 288656 -1033029
2578220 288657 966971
