96
3
-1000000 0 0
-1000000 33763 0
-1000000 101288 0
1000000 0 0
1000000 33763 0
1000000 101288 0
3000000 0 0
3000000 33579 0
3000000 100737 0
5000000 0 0
5000000 34408 0
5000000 103223 0
7000000 0 0
7000000 35052 0
7000000 105156 0
9000000 0 0
9000000 34456 0
9000000 103368 0
11000000 0 0
11000000 33822 0
11000000 101467 0
13000000 0 0
13000000 33159 0
13000000 99476 0
15000000 0 0
15000000 32525 0
15000000 97576 0
17000000 0 0
17000000 31788 0
17000000 95363 0
19000000 0 0
19000000 30588 0
19000000 91763 0
21000000 0 0
21000000 30588 0
21000000 91763 0
-1000000 14242 499
-1000000 27912 499
-1000000 65559 499
-1000000 118613 499
-1000000 176770 499
1000000 14242 499
1000000 27912 499
1000000 65559 499
1000000 118613 499
1000000 176770 499
3000000 12727 499
3000000 26241 499
3000000 63484 499
3000000 116169 499
3000000 174078 499
5000000 11249 499
5000000 24949 499
5000000 62659 499
5000000 116320 499
5000000 175617 499
7000000 9772 499
7000000 23271 499
7000000 60457 499
7000000 114427 499
7000000 174991 499
9000000 8257 499
9000000 20372 499
9000000 53966 499
9000000 105584 499
9000000 165860 499
11000000 6742 499
11000000 17502 499
11000000 47542 499
11000000 96779 499
11000000 156689 499
13000000 5227 499
13000000 14669 499
13000000 41217 499
13000000 88060 499
13000000 147534 499
15000000 3749 499
15000000 12220 499
15000000 36168 499
15000000 81092 499
15000000 139984 499
17000000 2272 499
17000000 9633 499
17000000 30582 499
17000000 73274 499
17000000 131480 499
19000000 757 499
19000000 5910 499
19000000 20783 499
19000000 59188 499
19000000 116559 499
21000000 757 499
21000000 5910 499
21000000 20783 499
21000000 59188 499
21000000 116559 499
