
5292
3
-1875 200 -519
-1875 148 -519
-1875 46 -519
1875 200 -519
1875 148 -519
1875 46 -519
5625 200 -519
5625 187 -519
5625 162 -519
5625 128 -519
5625 88 -519
5625 43 -519
5625 -6 -519
5625 -55 -519
5625 -102 -519
5625 -178 -519
5625 -281 -519
9375 200 -519
9375 114 -519
9375 -48 -519
9375 -243 -519
9375 -465 -519
9375 -707 -519
9375 -969 -519
9375 -1217 -519
9375 -1453 -519
9375 -1621 -519
9375 -1724 -519
13125 168 -519
13125 120 -519
13125 40 -519
13125 -77 -519
13125 -245 -519
13125 -442 -519
13125 -663 -519
13125 -902 -519
13125 -1157 -519
13125 -1489 -519
13125 -1895 -519
13125 -2282 -519
13125 -2657 -519
13125 -2892 -519
13125 -2992 -519
16875 131 -519
16875 111 -519
16875 9 -519
16875 -135 -519
16875 -276 -519
16875 -445 -519
16875 -682 -519
16875 -964 -519
16875 -1238 -519
16875 -1504 -519
16875 -1774 -519
16875 -2051 -519
16875 -2461 -519
16875 -3000 -519
16875 -3524 -519
16875 -4037 -519
16875 -4341 -519
16875 -4442 -519
20625 92 -519
20625 77 -519
20625 47 -519
20625 9 -519
20625 -65 -519
20625 -328 -519
20625 -666 -519
20625 -882 -519
20625 -1137 -519
20625 -1477 -519
20625 -1814 -519
20625 -2149 -519
20625 -2488 -519
20625 -2826 -519
20625 -3167 -519
20625 -3659 -519
20625 -4300 -519
20625 -4932 -519
20625 -5558 -519
20625 -5920 -519
20625 -6020 -519
24375 40 -519
24375 28 -519
24375 3 -519
24375 -110 -519
24375 -306 -519
24375 -528 -519
24375 -710 -519
24375 -982 -519
24375 -1301 -519
24375 -1535 -519
24375 -1870 -519
24375 -2316 -519
24375 -2788 -519
24375 -3282 -519
24375 -3802 -519
24375 -4347 -519
24375 -4920 -519
24375 -5504 -519
24375 -6102 -519
24375 -6697 -519
24375 -7292 -519
24375 -7639 -519
24375 -7739 -519
28125 -62 -519
28125 -193 -519
28125 -446 -519
28125 -752 -519
28125 -1106 -519
28125 -1361 -519
28125 -1499 -519
28125 -1798 -519
28125 -2356 -519
28125 -2796 -519
28125 -3100 -519
28125 -3583 -519
28125 -4190 -519
28125 -4837 -519
28125 -5526 -519
28125 -6264 -519
28125 -7051 -519
28125 -7725 -519
28125 -8286 -519
28125 -8846 -519
28125 -9407 -519
28125 -9737 -519
28125 -9837 -519
31875 -437 -519
31875 -679 -519
31875 -1132 -519
31875 -1548 -519
31875 -1943 -519
31875 -2319 -519
31875 -2560 -519
31875 -3067 -519
31875 -3982 -519
31875 -4567 -519
31875 -4869 -519
31875 -5433 -519
31875 -6208 -519
31875 -6799 -519
31875 -7209 -519
31875 -7620 -519
31875 -8032 -519
31875 -8495 -519
31875 -9009 -519
31875 -9523 -519
31875 -10037 -519
31875 -10344 -519
31875 -10444 -519
35625 -838 -519
35625 -1159 -519
35625 -1747 -519
35625 -2334 -519
35625 -2943 -519
35625 -3609 -519
35625 -4036 -519
35625 -4462 -519
35625 -5209 -519
35625 -5706 -519
35625 -6007 -519
35625 -6444 -519
35625 -6968 -519
35625 -7373 -519
35625 -7659 -519
35625 -7958 -519
35625 -8271 -519
35625 -8658 -519
35625 -9119 -519
35625 -9580 -519
35625 -10040 -519
35625 -10320 -519
35625 -10420 -519
39375 -1278 -519
39375 -1658 -519
39375 -2341 -519
39375 -3055 -519
39375 -3841 -519
39375 -4659 -519
39375 -5153 -519
39375 -5471 -519
39375 -6003 -519
39375 -6387 -519
39375 -6633 -519
39375 -6851 -519
39375 -7033 -519
39375 -7242 -519
39375 -7478 -519
39375 -7742 -519
39375 -8033 -519
39375 -8408 -519
39375 -8868 -519
39375 -9327 -519
39375 -9787 -519
39375 -10066 -519
39375 -10166 -519
43125 -1756 -519
43125 -2190 -519
43125 -2956 -519
43125 -3691 -519
43125 -4464 -519
43125 -5093 -519
43125 -5401 -519
43125 -5755 -519
43125 -6360 -519
43125 -6762 -519
43125 -6965 -519
43125 -7169 -519
43125 -7373 -519
43125 -7578 -519
43125 -7958 -519
43125 -8512 -519
43125 -9066 -519
43125 -9619 -519
43125 -9946 -519
43125 -10046 -519
46875 -1943 -519
46875 -2456 -519
46875 -3350 -519
46875 -4019 -519
46875 -4580 -519
46875 -5112 -519
46875 -5385 -519
46875 -5663 -519
46875 -6215 -519
46875 -6600 -519
46875 -6850 -519
46875 -7148 -519
46875 -7466 -519
46875 -7802 -519
46875 -8299 -519
46875 -8957 -519
46875 -9613 -519
46875 -10270 -519
46875 -10648 -519
46875 -10748 -519
50625 -2078 -519
50625 -2593 -519
50625 -3485 -519
50625 -4142 -519
50625 -4685 -519
50625 -5209 -519
50625 -5686 -519
50625 -6135 -519
50625 -6469 -519
50625 -6724 -519
50625 -7031 -519
50625 -7357 -519
50625 -7700 -519
50625 -8191 -519
50625 -8831 -519
50625 -9469 -519
50625 -10108 -519
50625 -10477 -519
50625 -10577 -519
54375 -2191 -519
54375 -2674 -519
54375 -3511 -519
54375 -4179 -519
54375 -4787 -519
54375 -5340 -519
54375 -5759 -519
54375 -6084 -519
54375 -6352 -519
54375 -6593 -519
54375 -6873 -519
54375 -7161 -519
54375 -7458 -519
54375 -7891 -519
54375 -8460 -519
54375 -9028 -519
54375 -9597 -519
54375 -9931 -519
54375 -10031 -519
58125 -2307 -519
58125 -2762 -519
58125 -3549 -519
58125 -4232 -519
58125 -4902 -519
58125 -5483 -519
58125 -5846 -519
58125 -6051 -519
58125 -6255 -519
58125 -6482 -519
58125 -6731 -519
58125 -6980 -519
58125 -7230 -519
58125 -7605 -519
58125 -8106 -519
58125 -8606 -519
58125 -9106 -519
58125 -9406 -519
58125 -9506 -519
61875 -2532 -519
61875 -2895 -519
61875 -3531 -519
61875 -4089 -519
61875 -4630 -519
61875 -5157 -519
61875 -5535 -519
61875 -5745 -519
61875 -5953 -519
61875 -6126 -519
61875 -6263 -519
61875 -6420 -519
61875 -6596 -519
61875 -6927 -519
61875 -7413 -519
61875 -7897 -519
61875 -8379 -519
61875 -8670 -519
61875 -8770 -519
65625 -2757 -519
65625 -3116 -519
65625 -3743 -519
65625 -4305 -519
65625 -4860 -519
65625 -5395 -519
65625 -5773 -519
65625 -5984 -519
65625 -6193 -519
65625 -6355 -519
65625 -6471 -519
65625 -6613 -519
65625 -6780 -519
65625 -7094 -519
65625 -7555 -519
65625 -8014 -519
65625 -8471 -519
65625 -8749 -519
65625 -8849 -519
69375 -2949 -519
69375 -3343 -519
69375 -4028 -519
69375 -4651 -519
69375 -5283 -519
69375 -5848 -519
69375 -6220 -519
69375 -6429 -519
69375 -6635 -519
69375 -6818 -519
69375 -6976 -519
69375 -7158 -519
69375 -7366 -519
69375 -7672 -519
69375 -8076 -519
69375 -8479 -519
69375 -8881 -519
69375 -9132 -519
69375 -9232 -519
73125 -3083 -519
73125 -3511 -519
73125 -4252 -519
73125 -4936 -519
73125 -5644 -519
73125 -6242 -519
73125 -6609 -519
73125 -6816 -519
73125 -7021 -519
73125 -7243 -519
73125 -7481 -519
73125 -7744 -519
73125 -8032 -519
73125 -8326 -519
73125 -8628 -519
73125 -8929 -519
73125 -9230 -519
73125 -9431 -519
73125 -9531 -519
76875 -3083 -519
76875 -3511 -519
76875 -4252 -519
76875 -4936 -519
76875 -5644 -519
76875 -6242 -519
76875 -6506 -519
76875 -6609 -519
76875 -6816 -519
76875 -7021 -519
76875 -7123 -519
76875 -7243 -519
76875 -7481 -519
76875 -7744 -519
76875 -8032 -519
76875 -8326 -519
76875 -8628 -519
76875 -8929 -519
76875 -9230 -519
76875 -9431 -519
76875 -9531 -519
-1875 200 -469
-1875 148 -469
-1875 46 -469
1875 200 -469
1875 148 -469
1875 46 -469
5625 200 -469
5625 187 -469
5625 162 -469
5625 128 -469
5625 88 -469
5625 43 -469
5625 -6 -469
5625 -55 -469
5625 -102 -469
5625 -178 -469
5625 -281 -469
9375 200 -469
9375 114 -469
9375 -48 -469
9375 -243 -469
9375 -465 -469
9375 -707 -469
9375 -969 -469
9375 -1217 -469
9375 -1453 -469
9375 -1621 -469
9375 -1724 -469
13125 168 -469
13125 120 -469
13125 40 -469
13125 -77 -469
13125 -245 -469
13125 -442 -469
13125 -663 -469
13125 -902 -469
13125 -1157 -469
13125 -1489 -469
13125 -1895 -469
13125 -2282 -469
13125 -2657 -469
13125 -2892 -469
13125 -2992 -469
16875 131 -469
16875 111 -469
16875 9 -469
16875 -135 -469
16875 -276 -469
16875 -445 -469
16875 -682 -469
16875 -964 -469
16875 -1237 -469
16875 -1504 -469
16875 -1774 -469
16875 -2050 -469
16875 -2460 -469
16875 -3000 -469
16875 -3523 -469
16875 -4037 -469
16875 -4341 -469
16875 -4441 -469
20625 92 -469
20625 77 -469
20625 47 -469
20625 9 -469
20625 -65 -469
20625 -328 -469
20625 -666 -469
20625 -882 -469
20625 -1137 -469
20625 -1477 -469
20625 -1813 -469
20625 -2149 -469
20625 -2487 -469
20625 -2826 -469
20625 -3167 -469
20625 -3659 -469
20625 -4300 -469
20625 -4931 -469
20625 -5558 -469
20625 -5920 -469
20625 -6020 -469
24375 41 -469
24375 40 -469
24375 26 -469
24375 1 -469
24375 -111 -469
24375 -307 -469
24375 -529 -469
24375 -711 -469
24375 -982 -469
24375 -1302 -469
24375 -1535 -469
24375 -1871 -469
24375 -2316 -469
24375 -2788 -469
24375 -3282 -469
24375 -3802 -469
24375 -4347 -469
24375 -4920 -469
24375 -5505 -469
24375 -6102 -469
24375 -6697 -469
24375 -7292 -469
24375 -7639 -469
24375 -7739 -469
28125 -54 -469
28125 -66 -469
28125 -209 -469
28125 -460 -469
28125 -764 -469
28125 -1118 -469
28125 -1371 -469
28125 -1509 -469
28125 -1807 -469
28125 -2365 -469
28125 -2805 -469
28125 -3109 -469
28125 -3591 -469
28125 -4198 -469
28125 -4845 -469
28125 -5535 -469
28125 -6273 -469
28125 -7060 -469
28125 -7733 -469
28125 -8294 -469
28125 -8855 -469
28125 -9416 -469
28125 -9746 -469
28125 -9846 -469
31875 -401 -469
31875 -447 -469
31875 -728 -469
31875 -1172 -469
31875 -1582 -469
31875 -1972 -469
31875 -2345 -469
31875 -2583 -469
31875 -3091 -469
31875 -4005 -469
31875 -4590 -469
31875 -4891 -469
31875 -5456 -469
31875 -6231 -469
31875 -6822 -469
31875 -7231 -469
31875 -7642 -469
31875 -8055 -469
31875 -8518 -469
31875 -9032 -469
31875 -9546 -469
31875 -10060 -469
31875 -10367 -469
31875 -10467 -469
35625 -771 -469
35625 -867 -469
35625 -1265 -469
35625 -1827 -469
35625 -2399 -469
35625 -2997 -469
35625 -3659 -469
35625 -4085 -469
35625 -4512 -469
35625 -5258 -469
35625 -5755 -469
35625 -6056 -469
35625 -6494 -469
35625 -7018 -469
35625 -7422 -469
35625 -7708 -469
35625 -8007 -469
35625 -8320 -469
35625 -8707 -469
35625 -9168 -469
35625 -9629 -469
35625 -10089 -469
35625 -10370 -469
35625 -10470 -469
39375 -1170 -469
39375 -1328 -469
39375 -1829 -469
39375 -2461 -469
39375 -3158 -469
39375 -3941 -469
39375 -4758 -469
39375 -5253 -469
39375 -5570 -469
39375 -6102 -469
39375 -6486 -469
39375 -6732 -469
39375 -6950 -469
39375 -7132 -469
39375 -7341 -469
39375 -7578 -469
39375 -7841 -469
39375 -8132 -469
39375 -8507 -469
39375 -8967 -469
39375 -9426 -469
39375 -9886 -469
39375 -10165 -469
39375 -10265 -469
43125 -1595 -469
43125 -1814 -469
43125 -2407 -469
43125 -3092 -469
43125 -3803 -469
43125 -4574 -469
43125 -5202 -469
43125 -5510 -469
43125 -5864 -469
43125 -6469 -469
43125 -6871 -469
43125 -7074 -469
43125 -7278 -469
43125 -7482 -469
43125 -7687 -469
43125 -8066 -469
43125 -8621 -469
43125 -9174 -469
43125 -9728 -469
43125 -10055 -469
43125 -10155 -469
46875 -1810 -469
46875 -2024 -469
46875 -2685 -469
46875 -3495 -469
46875 -4144 -469
46875 -4703 -469
46875 -5235 -469
46875 -5508 -469
46875 -5786 -469
46875 -6338 -469
46875 -6723 -469
46875 -6973 -469
46875 -7271 -469
46875 -7589 -469
46875 -7925 -469
46875 -8422 -469
46875 -9079 -469
46875 -9736 -469
46875 -10393 -469
46875 -10771 -469
46875 -10871 -469
50625 -1956 -469
50625 -2152 -469
50625 -2801 -469
50625 -3617 -469
50625 -4258 -469
50625 -4799 -469
50625 -5323 -469
50625 -5800 -469
50625 -6249 -469
50625 -6583 -469
50625 -6838 -469
50625 -7145 -469
50625 -7470 -469
50625 -7814 -469
50625 -8305 -469
50625 -8944 -469
50625 -9583 -469
50625 -10221 -469
50625 -10590 -469
50625 -10690 -469
54375 -2073 -469
54375 -2245 -469
54375 -2848 -469
54375 -3619 -469
54375 -4274 -469
54375 -4881 -469
54375 -5434 -469
54375 -5853 -469
54375 -6178 -469
54375 -6445 -469
54375 -6687 -469
54375 -6966 -469
54375 -7255 -469
54375 -7551 -469
54375 -7984 -469
54375 -8553 -469
54375 -9122 -469
54375 -9690 -469
54375 -10024 -469
54375 -10124 -469
58125 -2195 -469
58125 -2343 -469
58125 -2905 -469
58125 -3646 -469
58125 -4321 -469
58125 -4991 -469
58125 -5571 -469
58125 -5935 -469
58125 -6140 -469
58125 -6344 -469
58125 -6571 -469
58125 -6820 -469
58125 -7069 -469
58125 -7318 -469
58125 -7693 -469
58125 -8195 -469
58125 -8695 -469
58125 -9195 -469
58125 -9494 -469
58125 -9594 -469
61875 -2484 -469
61875 -2601 -469
61875 -3049 -469
61875 -3643 -469
61875 -4189 -469
61875 -4727 -469
61875 -5254 -469
61875 -5632 -469
61875 -5842 -469
61875 -6050 -469
61875 -6223 -469
61875 -6360 -469
61875 -6517 -469
61875 -6693 -469
61875 -7024 -469
61875 -7510 -469
61875 -7993 -469
61875 -8475 -469
61875 -8766 -469
61875 -8866 -469
65625 -2735 -469
65625 -2851 -469
65625 -3294 -469
65625 -3878 -469
65625 -4428 -469
65625 -4980 -469
65625 -5514 -469
65625 -5893 -469
65625 -6103 -469
65625 -6312 -469
65625 -6474 -469
65625 -6591 -469
65625 -6732 -469
65625 -6899 -469
65625 -7213 -469
65625 -7674 -469
65625 -8133 -469
65625 -8590 -469
65625 -8868 -469
65625 -8969 -469
69375 -2934 -469
69375 -3063 -469
69375 -3550 -469
69375 -4187 -469
69375 -4799 -469
69375 -5428 -469
69375 -5993 -469
69375 -6365 -469
69375 -6574 -469
69375 -6781 -469
69375 -6963 -469
69375 -7121 -469
69375 -7303 -469
69375 -7511 -469
69375 -7817 -469
69375 -8221 -469
69375 -8624 -469
69375 -9026 -469
69375 -9277 -469
69375 -9377 -469
73125 -3068 -469
73125 -3210 -469
73125 -3740 -469
73125 -4429 -469
73125 -5103 -469
73125 -5809 -469
73125 -6407 -469
73125 -6774 -469
73125 -6981 -469
73125 -7186 -469
73125 -7408 -469
73125 -7646 -469
73125 -7909 -469
73125 -8197 -469
73125 -8491 -469
73125 -8793 -469
73125 -9094 -469
73125 -9395 -469
73125 -9596 -469
73125 -9696 -469
76875 -3068 -469
76875 -3210 -469
76875 -3740 -469
76875 -4429 -469
76875 -5103 -469
76875 -5809 -469
76875 -6407 -469
76875 -6671 -469
76875 -6774 -469
76875 -6981 -469
76875 -7186 -469
76875 -7288 -469
76875 -7408 -469
76875 -7646 -469
76875 -7909 -469
76875 -8197 -469
76875 -8491 -469
76875 -8793 -469
76875 -9094 -469
76875 -9395 -469
76875 -9596 -469
76875 -9696 -469
-1875 200 -419
-1875 148 -419
-1875 46 -419
1875 200 -419
1875 148 -419
1875 46 -419
5625 200 -419
5625 187 -419
5625 162 -419
5625 128 -419
5625 88 -419
5625 43 -419
5625 -6 -419
5625 -55 -419
5625 -102 -419
5625 -178 -419
5625 -281 -419
9375 200 -419
9375 114 -419
9375 -48 -419
9375 -243 -419
9375 -465 -419
9375 -707 -419
9375 -969 -419
9375 -1217 -419
9375 -1453 -419
9375 -1621 -419
9375 -1724 -419
13125 168 -419
13125 120 -419
13125 40 -419
13125 -77 -419
13125 -245 -419
13125 -442 -419
13125 -663 -419
13125 -902 -419
13125 -1157 -419
13125 -1489 -419
13125 -1895 -419
13125 -2282 -419
13125 -2657 -419
13125 -2892 -419
13125 -2992 -419
16875 131 -419
16875 111 -419
16875 9 -419
16875 -135 -419
16875 -276 -419
16875 -445 -419
16875 -682 -419
16875 -964 -419
16875 -1237 -419
16875 -1504 -419
16875 -1774 -419
16875 -2050 -419
16875 -2460 -419
16875 -3000 -419
16875 -3523 -419
16875 -4037 -419
16875 -4341 -419
16875 -4441 -419
20625 92 -419
20625 77 -419
20625 47 -419
20625 9 -419
20625 -65 -419
20625 -328 -419
20625 -666 -419
20625 -882 -419
20625 -1137 -419
20625 -1477 -419
20625 -1813 -419
20625 -2149 -419
20625 -2487 -419
20625 -2826 -419
20625 -3167 -419
20625 -3659 -419
20625 -4300 -419
20625 -4932 -419
20625 -5558 -419
20625 -5920 -419
20625 -6020 -419
24375 41 -419
24375 39 -419
24375 25 -419
24375 0 -419
24375 -112 -419
24375 -308 -419
24375 -530 -419
24375 -712 -419
24375 -983 -419
24375 -1302 -419
24375 -1536 -419
24375 -1871 -419
24375 -2317 -419
24375 -2789 -419
24375 -3282 -419
24375 -3803 -419
24375 -4348 -419
24375 -4920 -419
24375 -5505 -419
24375 -6102 -419
24375 -6698 -419
24375 -7292 -419
24375 -7639 -419
24375 -7739 -419
28125 -46 -419
28125 -70 -419
28125 -224 -419
28125 -473 -419
28125 -776 -419
28125 -1128 -419
28125 -1380 -419
28125 -1518 -419
28125 -1815 -419
28125 -2372 -419
28125 -2812 -419
28125 -3115 -419
28125 -3598 -419
28125 -4205 -419
28125 -4852 -419
28125 -5541 -419
28125 -6279 -419
28125 -7066 -419
28125 -7740 -419
28125 -8301 -419
28125 -8861 -419
28125 -9422 -419
28125 -9752 -419
28125 -9852 -419
31875 -365 -419
31875 -455 -419
31875 -775 -419
31875 -1209 -419
31875 -1612 -419
31875 -1997 -419
31875 -2367 -419
31875 -2604 -419
31875 -3110 -419
31875 -4024 -419
31875 -4609 -419
31875 -4910 -419
31875 -5474 -419
31875 -6249 -419
31875 -6840 -419
31875 -7250 -419
31875 -7660 -419
31875 -8073 -419
31875 -8536 -419
31875 -9050 -419
31875 -9564 -419
31875 -10078 -419
31875 -10385 -419
31875 -10485 -419
35625 -704 -419
35625 -888 -419
35625 -1359 -419
35625 -1898 -419
35625 -2455 -419
35625 -3044 -419
35625 -3701 -419
35625 -4127 -419
35625 -4553 -419
35625 -5299 -419
35625 -5796 -419
35625 -6097 -419
35625 -6535 -419
35625 -7058 -419
35625 -7463 -419
35625 -7749 -419
35625 -8048 -419
35625 -8361 -419
35625 -8748 -419
35625 -9209 -419
35625 -9670 -419
35625 -10130 -419
35625 -10410 -419
35625 -10510 -419
39375 -1061 -419
39375 -1357 -419
39375 -1969 -419
39375 -2561 -419
39375 -3240 -419
39375 -4017 -419
39375 -4833 -419
39375 -5328 -419
39375 -5645 -419
39375 -6177 -419
39375 -6561 -419
39375 -6807 -419
39375 -7025 -419
39375 -7207 -419
39375 -7416 -419
39375 -7652 -419
39375 -7916 -419
39375 -8207 -419
39375 -8582 -419
39375 -9042 -419
39375 -9501 -419
39375 -9960 -419
39375 -10240 -419
39375 -10340 -419
43125 -1434 -419
43125 -1834 -419
43125 -2571 -419
43125 -3202 -419
43125 -3892 -419
43125 -4657 -419
43125 -5285 -419
43125 -5593 -419
43125 -5947 -419
43125 -6552 -419
43125 -6954 -419
43125 -7157 -419
43125 -7361 -419
43125 -7565 -419
43125 -7770 -419
43125 -8149 -419
43125 -8703 -419
43125 -9257 -419
43125 -9811 -419
43125 -10137 -419
43125 -10237 -419
46875 -1677 -419
46875 -2064 -419
46875 -2856 -419
46875 -3608 -419
46875 -4239 -419
46875 -4794 -419
46875 -5326 -419
46875 -5598 -419
46875 -5877 -419
46875 -6428 -419
46875 -6813 -419
46875 -7063 -419
46875 -7361 -419
46875 -7679 -419
46875 -8015 -419
46875 -8512 -419
46875 -9169 -419
46875 -9826 -419
46875 -10483 -419
46875 -10861 -419
46875 -10961 -419
50625 -1834 -419
50625 -2189 -419
50625 -2956 -419
50625 -3717 -419
50625 -4341 -419
50625 -4879 -419
50625 -5402 -419
50625 -5879 -419
50625 -6328 -419
50625 -6662 -419
50625 -6917 -419
50625 -7224 -419
50625 -7549 -419
50625 -7893 -419
50625 -8384 -419
50625 -9023 -419
50625 -9662 -419
50625 -10300 -419
50625 -10669 -419
50625 -10769 -419
54375 -1955 -419
54375 -2269 -419
54375 -2976 -419
54375 -3698 -419
54375 -4337 -419
54375 -4941 -419
54375 -5494 -419
54375 -5912 -419
54375 -6237 -419
54375 -6505 -419
54375 -6746 -419
54375 -7026 -419
54375 -7314 -419
54375 -7611 -419
54375 -8044 -419
54375 -8613 -419
54375 -9181 -419
54375 -9750 -419
54375 -10084 -419
54375 -10184 -419
58125 -2083 -419
58125 -2355 -419
58125 -3008 -419
58125 -3705 -419
58125 -4366 -419
58125 -5033 -419
58125 -5614 -419
58125 -5977 -419
58125 -6182 -419
58125 -6386 -419
58125 -6613 -419
58125 -6862 -419
58125 -7111 -419
58125 -7361 -419
58125 -7736 -419
58125 -8237 -419
58125 -8737 -419
58125 -9237 -419
58125 -9537 -419
58125 -9637 -419
61875 -2435 -419
61875 -2659 -419
61875 -3188 -419
61875 -3745 -419
61875 -4274 -419
61875 -4807 -419
61875 -5332 -419
61875 -5710 -419
61875 -5920 -419
61875 -6128 -419
61875 -6301 -419
61875 -6438 -419
61875 -6595 -419
61875 -6771 -419
61875 -7102 -419
61875 -7588 -419
61875 -8071 -419
61875 -8553 -419
61875 -8844 -419
61875 -8945 -419
65625 -2714 -419
65625 -2939 -419
65625 -3465 -419
65625 -4013 -419
65625 -4546 -419
65625 -5092 -419
65625 -5625 -419
65625 -6003 -419
65625 -6214 -419
65625 -6423 -419
65625 -6585 -419
65625 -6701 -419
65625 -6843 -419
65625 -7010 -419
65625 -7324 -419
65625 -7785 -419
65625 -8243 -419
65625 -8700 -419
65625 -8979 -419
65625 -9079 -419
69375 -2919 -419
69375 -3170 -419
69375 -3748 -419
69375 -4345 -419
69375 -4940 -419
69375 -5564 -419
69375 -6128 -419
69375 -6500 -419
69375 -6709 -419
69375 -6915 -419
69375 -7098 -419
69375 -7255 -419
69375 -7438 -419
69375 -7646 -419
69375 -7952 -419
69375 -8356 -419
69375 -8759 -419
69375 -9161 -419
69375 -9412 -419
69375 -9512 -419
73125 -3053 -419
73125 -3327 -419
73125 -3956 -419
73125 -4600 -419
73125 -5258 -419
73125 -5960 -419
73125 -6558 -419
73125 -6925 -419
73125 -7131 -419
73125 -7336 -419
73125 -7558 -419
73125 -7797 -419
73125 -8060 -419
73125 -8347 -419
73125 -8642 -419
73125 -8943 -419
73125 -9245 -419
73125 -9546 -419
73125 -9746 -419
73125 -9846 -419
76875 -3053 -419
76875 -3327 -419
76875 -3956 -419
76875 -4600 -419
76875 -5258 -419
76875 -5960 -419
76875 -6558 -419
76875 -6821 -419
76875 -6925 -419
76875 -7131 -419
76875 -7336 -419
76875 -7439 -419
76875 -7558 -419
76875 -7797 -419
76875 -8060 -419
76875 -8347 -419
76875 -8642 -419
76875 -8943 -419
76875 -9245 -419
76875 -9546 -419
76875 -9746 -419
76875 -9846 -419
-1875 200 -370
-1875 148 -370
-1875 46 -370
1875 200 -370
1875 148 -370
1875 46 -370
5625 200 -370
5625 187 -370
5625 162 -370
5625 128 -370
5625 88 -370
5625 43 -370
5625 -6 -370
5625 -55 -370
5625 -102 -370
5625 -178 -370
5625 -281 -370
9375 200 -370
9375 114 -370
9375 -48 -370
9375 -243 -370
9375 -465 -370
9375 -707 -370
9375 -969 -370
9375 -1217 -370
9375 -1453 -370
9375 -1621 -370
9375 -1724 -370
13125 168 -370
13125 120 -370
13125 40 -370
13125 -77 -370
13125 -245 -370
13125 -442 -370
13125 -663 -370
13125 -902 -370
13125 -1157 -370
13125 -1489 -370
13125 -1895 -370
13125 -2282 -370
13125 -2657 -370
13125 -2892 -370
13125 -2992 -370
16875 131 -370
16875 111 -370
16875 9 -370
16875 -135 -370
16875 -276 -370
16875 -445 -370
16875 -682 -370
16875 -964 -370
16875 -1237 -370
16875 -1504 -370
16875 -1774 -370
16875 -2050 -370
16875 -2460 -370
16875 -3000 -370
16875 -3523 -370
16875 -4037 -370
16875 -4341 -370
16875 -4441 -370
20625 92 -370
20625 77 -370
20625 47 -370
20625 9 -370
20625 -65 -370
20625 -328 -370
20625 -666 -370
20625 -882 -370
20625 -1137 -370
20625 -1477 -370
20625 -1813 -370
20625 -2149 -370
20625 -2487 -370
20625 -2826 -370
20625 -3167 -370
20625 -3659 -370
20625 -4300 -370
20625 -4932 -370
20625 -5558 -370
20625 -5920 -370
20625 -6020 -370
24375 42 -370
24375 41 -370
24375 38 -370
24375 23 -370
24375 0 -370
24375 -114 -370
24375 -309 -370
24375 -532 -370
24375 -713 -370
24375 -984 -370
24375 -1303 -370
24375 -1536 -370
24375 -1872 -370
24375 -2317 -370
24375 -2789 -370
24375 -3282 -370
24375 -3803 -370
24375 -4348 -370
24375 -4921 -370
24375 -5505 -370
24375 -6102 -370
24375 -6698 -370
24375 -7292 -370
24375 -7640 -370
24375 -7740 -370
28125 -37 -370
28125 -46 -370
28125 -83 -370
28125 -239 -370
28125 -486 -370
28125 -788 -370
28125 -1138 -370
28125 -1390 -370
28125 -1526 -370
28125 -1823 -370
28125 -2379 -370
28125 -2819 -370
28125 -3122 -370
28125 -3604 -370
28125 -4211 -370
28125 -4858 -370
28125 -5547 -370
28125 -6285 -370
28125 -7072 -370
28125 -7746 -370
28125 -8307 -370
28125 -8867 -370
28125 -9428 -370
28125 -9758 -370
28125 -9858 -370
31875 -329 -370
31875 -363 -370
31875 -496 -370
31875 -819 -370
31875 -1244 -370
31875 -1642 -370
31875 -2023 -370
31875 -2389 -370
31875 -2624 -370
31875 -3130 -370
31875 -4042 -370
31875 -4627 -370
31875 -4928 -370
31875 -5492 -370
31875 -6267 -370
31875 -6858 -370
31875 -7267 -370
31875 -7678 -370
31875 -8090 -370
31875 -8554 -370
31875 -9068 -370
31875 -9582 -370
31875 -10096 -370
31875 -10403 -370
31875 -10503 -370
35625 -636 -370
35625 -707 -370
35625 -974 -370
35625 -1446 -370
35625 -1966 -370
35625 -2510 -370
35625 -3090 -370
35625 -3743 -370
35625 -4168 -370
35625 -4594 -370
35625 -5340 -370
35625 -5836 -370
35625 -6137 -370
35625 -6575 -370
35625 -7099 -370
35625 -7503 -370
35625 -7789 -370
35625 -8089 -370
35625 -8402 -370
35625 -8789 -370
35625 -9249 -370
35625 -9710 -370
35625 -10171 -370
35625 -10451 -370
35625 -10551 -370
39375 -953 -370
39375 -1070 -370
39375 -1493 -370
39375 -2095 -370
39375 -2658 -370
39375 -3320 -370
39375 -4090 -370
39375 -4905 -370
39375 -5400 -370
39375 -5717 -370
39375 -6249 -370
39375 -6633 -370
39375 -6879 -370
39375 -7097 -370
39375 -7279 -370
39375 -7488 -370
39375 -7724 -370
39375 -7988 -370
39375 -8279 -370
39375 -8654 -370
39375 -9114 -370
39375 -9573 -370
39375 -10032 -370
39375 -10312 -370
39375 -10412 -370
43125 -1273 -370
43125 -1437 -370
43125 -2004 -370
43125 -2720 -370
43125 -3316 -370
43125 -3988 -370
43125 -4746 -370
43125 -5373 -370
43125 -5681 -370
43125 -6035 -370
43125 -6640 -370
43125 -7042 -370
43125 -7245 -370
43125 -7448 -370
43125 -7653 -370
43125 -7858 -370
43125 -8237 -370
43125 -8791 -370
43125 -9345 -370
43125 -9899 -370
43125 -10225 -370
43125 -10325 -370
46875 -1543 -370
46875 -1704 -370
46875 -2249 -370
46875 -3011 -370
46875 -3725 -370
46875 -4341 -370
46875 -4892 -370
46875 -5422 -370
46875 -5694 -370
46875 -5973 -370
46875 -6524 -370
46875 -6909 -370
46875 -7159 -370
46875 -7458 -370
46875 -7775 -370
46875 -8111 -370
46875 -8608 -370
46875 -9266 -370
46875 -9922 -370
46875 -10579 -370
46875 -10957 -370
46875 -11057 -370
50625 -1712 -370
50625 -1858 -370
50625 -2357 -370
50625 -3094 -370
50625 -3818 -370
50625 -4429 -370
50625 -4963 -370
50625 -5485 -370
50625 -5962 -370
50625 -6410 -370
50625 -6744 -370
50625 -6999 -370
50625 -7306 -370
50625 -7632 -370
50625 -7975 -370
50625 -8466 -370
50625 -9105 -370
50625 -9744 -370
50625 -10382 -370
50625 -10752 -370
50625 -10852 -370
54375 -1837 -370
54375 -1965 -370
54375 -2408 -370
54375 -3089 -370
54375 -3775 -370
54375 -4403 -370
54375 -5002 -370
54375 -5554 -370
54375 -5973 -370
54375 -6297 -370
54375 -6565 -370
54375 -6806 -370
54375 -7086 -370
54375 -7374 -370
54375 -7671 -370
54375 -8104 -370
54375 -8673 -370
54375 -9242 -370
54375 -9810 -370
54375 -10144 -370
54375 -10244 -370
58125 -1971 -370
58125 -2081 -370
58125 -2463 -370
58125 -3094 -370
58125 -3756 -370
58125 -4405 -370
58125 -5068 -370
58125 -5648 -370
58125 -6011 -370
58125 -6216 -370
58125 -6421 -370
58125 -6647 -370
58125 -6896 -370
58125 -7146 -370
58125 -7395 -370
58125 -7770 -370
58125 -8271 -370
58125 -8772 -370
58125 -9271 -370
58125 -9571 -370
58125 -9671 -370
61875 -2387 -370
61875 -2473 -370
61875 -2787 -370
61875 -3300 -370
61875 -3827 -370
61875 -4343 -370
61875 -4868 -370
61875 -5392 -370
61875 -5769 -370
61875 -5979 -370
61875 -6187 -370
61875 -6360 -370
61875 -6497 -370
61875 -6654 -370
61875 -6830 -370
61875 -7161 -370
61875 -7647 -370
61875 -8131 -370
61875 -8613 -370
61875 -8904 -370
61875 -9004 -370
65625 -2692 -370
65625 -2777 -370
65625 -3092 -370
65625 -3604 -370
65625 -4124 -370
65625 -4642 -370
65625 -5181 -370
65625 -5712 -370
65625 -6090 -370
65625 -6300 -370
65625 -6509 -370
65625 -6671 -370
65625 -6787 -370
65625 -6929 -370
65625 -7096 -370
65625 -7410 -370
65625 -7871 -370
65625 -8330 -370
65625 -8787 -370
65625 -9065 -370
65625 -9165 -370
69375 -2904 -370
69375 -2999 -370
69375 -3348 -370
69375 -3908 -370
69375 -4473 -370
69375 -5054 -370
69375 -5671 -370
69375 -6234 -370
69375 -6606 -370
69375 -6815 -370
69375 -7021 -370
69375 -7203 -370
69375 -7361 -370
69375 -7544 -370
69375 -7752 -370
69375 -8058 -370
69375 -8462 -370
69375 -8865 -370
69375 -9267 -370
69375 -9518 -370
69375 -9618 -370
73125 -3038 -370
73125 -3143 -370
73125 -3523 -370
73125 -4129 -370
73125 -4740 -370
73125 -5383 -370
73125 -6080 -370
73125 -6677 -370
73125 -7044 -370
73125 -7250 -370
73125 -7455 -370
73125 -7677 -370
73125 -7916 -370
73125 -8179 -370
73125 -8466 -370
73125 -8761 -370
73125 -9063 -370
73125 -9364 -370
73125 -9665 -370
73125 -9865 -370
73125 -9966 -370
76875 -3038 -370
76875 -3143 -370
76875 -3523 -370
76875 -4129 -370
76875 -4740 -370
76875 -5383 -370
76875 -6080 -370
76875 -6677 -370
76875 -6940 -370
76875 -7044 -370
76875 -7250 -370
76875 -7455 -370
76875 -7558 -370
76875 -7677 -370
76875 -7916 -370
76875 -8179 -370
76875 -8466 -370
76875 -8761 -370
76875 -9063 -370
76875 -9364 -370
76875 -9665 -370
76875 -9865 -370
76875 -9966 -370
-1875 200 -320
-1875 148 -320
-1875 46 -320
1875 200 -320
1875 148 -320
1875 46 -320
5625 200 -320
5625 187 -320
5625 162 -320
5625 128 -320
5625 88 -320
5625 43 -320
5625 -6 -320
5625 -55 -320
5625 -102 -320
5625 -178 -320
5625 -281 -320
9375 200 -320
9375 114 -320
9375 -48 -320
9375 -243 -320
9375 -465 -320
9375 -707 -320
9375 -969 -320
9375 -1217 -320
9375 -1453 -320
9375 -1621 -320
9375 -1724 -320
13125 168 -320
13125 120 -320
13125 40 -320
13125 -77 -320
13125 -245 -320
13125 -442 -320
13125 -663 -320
13125 -902 -320
13125 -1157 -320
13125 -1489 -320
13125 -1895 -320
13125 -2282 -320
13125 -2657 -320
13125 -2892 -320
13125 -2992 -320
16875 131 -320
16875 111 -320
16875 9 -320
16875 -135 -320
16875 -276 -320
16875 -445 -320
16875 -682 -320
16875 -964 -320
16875 -1237 -320
16875 -1504 -320
16875 -1774 -320
16875 -2050 -320
16875 -2460 -320
16875 -3000 -320
16875 -3523 -320
16875 -4037 -320
16875 -4341 -320
16875 -4441 -320
20625 92 -320
20625 77 -320
20625 47 -320
20625 9 -320
20625 -65 -320
20625 -328 -320
20625 -666 -320
20625 -882 -320
20625 -1137 -320
20625 -1477 -320
20625 -1813 -320
20625 -2149 -320
20625 -2487 -320
20625 -2826 -320
20625 -3167 -320
20625 -3659 -320
20625 -4300 -320
20625 -4932 -320
20625 -5558 -320
20625 -5920 -320
20625 -6020 -320
24375 43 -320
24375 41 -320
24375 37 -320
24375 22 -320
24375 -2 -320
24375 -115 -320
24375 -311 -320
24375 -533 -320
24375 -714 -320
24375 -985 -320
24375 -1304 -320
24375 -1537 -320
24375 -1872 -320
24375 -2317 -320
24375 -2789 -320
24375 -3283 -320
24375 -3803 -320
24375 -4348 -320
24375 -4921 -320
24375 -5505 -320
24375 -6102 -320
24375 -6698 -320
24375 -7293 -320
24375 -7640 -320
24375 -7740 -320
28125 -29 -320
28125 -50 -320
28125 -99 -320
28125 -254 -320
28125 -500 -320
28125 -799 -320
28125 -1148 -320
28125 -1399 -320
28125 -1535 -320
28125 -1831 -320
28125 -2386 -320
28125 -2825 -320
28125 -3128 -320
28125 -3610 -320
28125 -4217 -320
28125 -4863 -320
28125 -5553 -320
28125 -6291 -320
28125 -7078 -320
28125 -7751 -320
28125 -8312 -320
28125 -8873 -320
28125 -9434 -320
28125 -9764 -320
28125 -9864 -320
31875 -294 -320
31875 -372 -320
31875 -547 -320
31875 -862 -320
31875 -1279 -320
31875 -1671 -320
31875 -2047 -320
31875 -2411 -320
31875 -2645 -320
31875 -3149 -320
31875 -4060 -320
31875 -4645 -320
31875 -4945 -320
31875 -5509 -320
31875 -6284 -320
31875 -6875 -320
31875 -7284 -320
31875 -7695 -320
31875 -8107 -320
31875 -8571 -320
31875 -9085 -320
31875 -9599 -320
31875 -10113 -320
31875 -10420 -320
31875 -10520 -320
35625 -569 -320
35625 -730 -320
35625 -1076 -320
35625 -1526 -320
35625 -2029 -320
35625 -2563 -320
35625 -3135 -320
35625 -3784 -320
35625 -4207 -320
35625 -4632 -320
35625 -5378 -320
35625 -5875 -320
35625 -6176 -320
35625 -6613 -320
35625 -7137 -320
35625 -7542 -320
35625 -7828 -320
35625 -8127 -320
35625 -8440 -320
35625 -8827 -320
35625 -9288 -320
35625 -9748 -320
35625 -10209 -320
35625 -10489 -320
35625 -10589 -320
39375 -844 -320
39375 -1104 -320
39375 -1643 -320
39375 -2205 -320
39375 -2745 -320
39375 -3394 -320
39375 -4156 -320
39375 -4970 -320
39375 -5464 -320
39375 -5781 -320
39375 -6313 -320
39375 -6697 -320
39375 -6943 -320
39375 -7161 -320
39375 -7343 -320
39375 -7552 -320
39375 -7789 -320
39375 -8052 -320
39375 -8343 -320
39375 -8718 -320
39375 -9178 -320
39375 -9637 -320
39375 -10097 -320
39375 -10376 -320
39375 -10476 -320
43125 -1112 -320
43125 -1465 -320
43125 -2183 -320
43125 -2845 -320
43125 -3415 -320
43125 -4073 -320
43125 -4825 -320
43125 -5450 -320
43125 -5758 -320
43125 -6112 -320
43125 -6717 -320
43125 -7119 -320
43125 -7322 -320
43125 -7525 -320
43125 -7730 -320
43125 -7935 -320
43125 -8314 -320
43125 -8868 -320
43125 -9422 -320
43125 -9976 -320
43125 -10302 -320
43125 -10402 -320
46875 -1410 -320
46875 -1751 -320
46875 -2438 -320
46875 -3142 -320
46875 -3828 -320
46875 -4433 -320
46875 -4979 -320
46875 -5508 -320
46875 -5780 -320
46875 -6058 -320
46875 -6609 -320
46875 -6994 -320
46875 -7244 -320
46875 -7543 -320
46875 -7860 -320
46875 -8197 -320
46875 -8694 -320
46875 -9351 -320
46875 -10008 -320
46875 -10664 -320
46875 -11043 -320
46875 -11143 -320
50625 -1590 -320
50625 -1902 -320
50625 -2529 -320
50625 -3210 -320
50625 -3906 -320
50625 -4507 -320
50625 -5037 -320
50625 -5558 -320
50625 -6035 -320
50625 -6483 -320
50625 -6817 -320
50625 -7072 -320
50625 -7379 -320
50625 -7705 -320
50625 -8048 -320
50625 -8539 -320
50625 -9178 -320
50625 -9817 -320
50625 -10455 -320
50625 -10825 -320
50625 -10925 -320
54375 -1719 -320
54375 -1995 -320
54375 -2553 -320
54375 -3182 -320
54375 -3843 -320
54375 -4460 -320
54375 -5056 -320
54375 -5607 -320
54375 -6025 -320
54375 -6350 -320
54375 -6618 -320
54375 -6859 -320
54375 -7139 -320
54375 -7427 -320
54375 -7724 -320
54375 -8157 -320
54375 -8726 -320
54375 -9294 -320
54375 -9862 -320
54375 -10197 -320
54375 -10297 -320
58125 -1860 -320
58125 -2098 -320
58125 -2582 -320
58125 -3165 -320
58125 -3801 -320
58125 -4439 -320
58125 -5098 -320
58125 -5677 -320
58125 -6040 -320
58125 -6245 -320
58125 -6449 -320
58125 -6676 -320
58125 -6925 -320
58125 -7174 -320
58125 -7423 -320
58125 -7799 -320
58125 -8300 -320
58125 -8800 -320
58125 -9300 -320
58125 -9600 -320
58125 -9700 -320
61875 -2338 -320
61875 -2535 -320
61875 -2937 -320
61875 -3412 -320
61875 -3916 -320
61875 -4420 -320
61875 -4939 -320
61875 -5460 -320
61875 -5836 -320
61875 -6046 -320
61875 -6254 -320
61875 -6427 -320
61875 -6564 -320
61875 -6721 -320
61875 -6897 -320
61875 -7228 -320
61875 -7714 -320
61875 -8197 -320
61875 -8680 -320
61875 -8970 -320
61875 -9071 -320
65625 -2670 -320
65625 -2869 -320
65625 -3276 -320
65625 -3750 -320
65625 -4247 -320
65625 -4754 -320
65625 -5286 -320
65625 -5814 -320
65625 -6191 -320
65625 -6401 -320
65625 -6610 -320
65625 -6772 -320
65625 -6889 -320
65625 -7030 -320
65625 -7197 -320
65625 -7511 -320
65625 -7972 -320
65625 -8431 -320
65625 -8888 -320
65625 -9166 -320
65625 -9267 -320
69375 -2890 -320
69375 -3111 -320
69375 -3560 -320
69375 -4078 -320
69375 -4618 -320
69375 -5187 -320
69375 -5798 -320
69375 -6359 -320
69375 -6731 -320
69375 -6939 -320
69375 -7146 -320
69375 -7328 -320
69375 -7486 -320
69375 -7669 -320
69375 -7876 -320
69375 -8182 -320
69375 -8586 -320
69375 -8989 -320
69375 -9391 -320
69375 -9642 -320
69375 -9742 -320
73125 -3024 -320
73125 -3266 -320
73125 -3755 -320
73125 -4314 -320
73125 -4899 -320
73125 -5529 -320
73125 -6221 -320
73125 -6817 -320
73125 -7183 -320
73125 -7389 -320
73125 -7595 -320
73125 -7816 -320
73125 -8055 -320
73125 -8318 -320
73125 -8605 -320
73125 -8900 -320
73125 -9202 -320
73125 -9503 -320
73125 -9804 -320
73125 -10005 -320
73125 -10105 -320
76875 -3024 -320
76875 -3266 -320
76875 -3755 -320
76875 -4314 -320
76875 -4899 -320
76875 -5529 -320
76875 -6221 -320
76875 -6817 -320
76875 -7080 -320
76875 -7183 -320
76875 -7389 -320
76875 -7595 -320
76875 -7697 -320
76875 -7816 -320
76875 -8055 -320
76875 -8318 -320
76875 -8605 -320
76875 -8900 -320
76875 -9202 -320
76875 -9503 -320
76875 -9804 -320
76875 -10005 -320
76875 -10105 -320
-1875 200 -270
-1875 148 -270
-1875 46 -270
1875 200 -270
1875 148 -270
1875 46 -270
5625 200 -270
5625 187 -270
5625 162 -270
5625 128 -270
5625 88 -270
5625 43 -270
5625 -6 -270
5625 -55 -270
5625 -102 -270
5625 -178 -270
5625 -281 -270
9375 200 -270
9375 114 -270
9375 -48 -270
9375 -243 -270
9375 -465 -270
9375 -707 -270
9375 -969 -270
9375 -1217 -270
9375 -1453 -270
9375 -1621 -270
9375 -1724 -270
13125 168 -270
13125 120 -270
13125 40 -270
13125 -77 -270
13125 -245 -270
13125 -442 -270
13125 -663 -270
13125 -902 -270
13125 -1157 -270
13125 -1489 -270
13125 -1895 -270
13125 -2282 -270
13125 -2657 -270
13125 -2892 -270
13125 -2992 -270
16875 131 -270
16875 111 -270
16875 9 -270
16875 -135 -270
16875 -276 -270
16875 -445 -270
16875 -682 -270
16875 -964 -270
16875 -1237 -270
16875 -1504 -270
16875 -1774 -270
16875 -2050 -270
16875 -2460 -270
16875 -3000 -270
16875 -3523 -270
16875 -4037 -270
16875 -4341 -270
16875 -4441 -270
20625 92 -270
20625 77 -270
20625 47 -270
20625 9 -270
20625 -65 -270
20625 -328 -270
20625 -666 -270
20625 -882 -270
20625 -1137 -270
20625 -1477 -270
20625 -1813 -270
20625 -2149 -270
20625 -2487 -270
20625 -2826 -270
20625 -3167 -270
20625 -3659 -270
20625 -4300 -270
20625 -4932 -270
20625 -5558 -270
20625 -5920 -270
20625 -6020 -270
24375 44 -270
24375 43 -270
24375 40 -270
24375 35 -270
24375 20 -270
24375 -3 -270
24375 -116 -270
24375 -312 -270
24375 -534 -270
24375 -715 -270
24375 -986 -270
24375 -1304 -270
24375 -1538 -270
24375 -1873 -270
24375 -2318 -270
24375 -2789 -270
24375 -3283 -270
24375 -3803 -270
24375 -4348 -270
24375 -4921 -270
24375 -5506 -270
24375 -6103 -270
24375 -6698 -270
24375 -7293 -270
24375 -7640 -270
24375 -7740 -270
28125 -21 -270
28125 -26 -270
28125 -60 -270
28125 -115 -270
28125 -269 -270
28125 -513 -270
28125 -811 -270
28125 -1158 -270
28125 -1408 -270
28125 -1544 -270
28125 -1839 -270
28125 -2393 -270
28125 -2831 -270
28125 -3134 -270
28125 -3616 -270
28125 -4223 -270
28125 -4869 -270
28125 -5559 -270
28125 -6296 -270
28125 -7083 -270
28125 -7757 -270
28125 -8318 -270
28125 -8878 -270
28125 -9439 -270
28125 -9769 -270
28125 -9869 -270
31875 -258 -270
31875 -279 -270
31875 -401 -270
31875 -595 -270
31875 -903 -270
31875 -1312 -270
31875 -1699 -270
31875 -2072 -270
31875 -2432 -270
31875 -2665 -270
31875 -3168 -270
31875 -4078 -270
31875 -4662 -270
31875 -4962 -270
31875 -5526 -270
31875 -6300 -270
31875 -6891 -270
31875 -7300 -270
31875 -7711 -270
31875 -8124 -270
31875 -8587 -270
31875 -9101 -270
31875 -9615 -270
31875 -10129 -270
31875 -10436 -270
31875 -10536 -270
35625 -502 -270
35625 -547 -270
35625 -792 -270
35625 -1168 -270
35625 -1600 -270
35625 -2089 -270
35625 -2613 -270
35625 -3179 -270
35625 -3824 -270
35625 -4245 -270
35625 -4670 -270
35625 -5416 -270
35625 -5912 -270
35625 -6213 -270
35625 -6651 -270
35625 -7175 -270
35625 -7579 -270
35625 -7865 -270
35625 -8164 -270
35625 -8478 -270
35625 -8865 -270
35625 -9325 -270
35625 -9786 -270
35625 -10246 -270
35625 -10527 -270
35625 -10627 -270
39375 -736 -270
39375 -812 -270
39375 -1200 -270
39375 -1774 -270
39375 -2306 -270
39375 -2828 -270
39375 -3465 -270
39375 -4221 -270
39375 -5032 -270
39375 -5526 -270
39375 -5843 -270
39375 -6375 -270
39375 -6759 -270
39375 -7005 -270
39375 -7223 -270
39375 -7405 -270
39375 -7614 -270
39375 -7850 -270
39375 -8114 -270
39375 -8405 -270
39375 -8780 -270
39375 -9240 -270
39375 -9699 -270
39375 -10158 -270
39375 -10438 -270
39375 -10538 -270
43125 -952 -270
43125 -1058 -270
43125 -1579 -270
43125 -2335 -270
43125 -2959 -270
43125 -3511 -270
43125 -4158 -270
43125 -4904 -270
43125 -5527 -270
43125 -5835 -270
43125 -6188 -270
43125 -6793 -270
43125 -7196 -270
43125 -7398 -270
43125 -7602 -270
43125 -7806 -270
43125 -8011 -270
43125 -8391 -270
43125 -8945 -270
43125 -9498 -270
43125 -10052 -270
43125 -10379 -270
43125 -10479 -270
46875 -1277 -270
46875 -1381 -270
46875 -1882 -270
46875 -2599 -270
46875 -3263 -270
46875 -3929 -270
46875 -4525 -270
46875 -5067 -270
46875 -5595 -270
46875 -5866 -270
46875 -6144 -270
46875 -6695 -270
46875 -7080 -270
46875 -7330 -270
46875 -7628 -270
46875 -7946 -270
46875 -8282 -270
46875 -8779 -270
46875 -9437 -270
46875 -10093 -270
46875 -10750 -270
46875 -11128 -270
46875 -11228 -270
50625 -1468 -270
50625 -1563 -270
50625 -2021 -270
50625 -2675 -270
50625 -3317 -270
50625 -3994 -270
50625 -4586 -270
50625 -5112 -270
50625 -5632 -270
50625 -6108 -270
50625 -6556 -270
50625 -6890 -270
50625 -7145 -270
50625 -7452 -270
50625 -7777 -270
50625 -8121 -270
50625 -8612 -270
50625 -9251 -270
50625 -9890 -270
50625 -10528 -270
50625 -10897 -270
50625 -10997 -270
54375 -1601 -270
54375 -1684 -270
54375 -2090 -270
54375 -2672 -270
54375 -3267 -270
54375 -3909 -270
54375 -4518 -270
54375 -5109 -270
54375 -5659 -270
54375 -6077 -270
54375 -6401 -270
54375 -6669 -270
54375 -6911 -270
54375 -7190 -270
54375 -7478 -270
54375 -7775 -270
54375 -8208 -270
54375 -8777 -270
54375 -9346 -270
54375 -9914 -270
54375 -10248 -270
54375 -10348 -270
58125 -1748 -270
58125 -1817 -270
58125 -2168 -270
58125 -2676 -270
58125 -3226 -270
58125 -3841 -270
58125 -4469 -270
58125 -5123 -270
58125 -5701 -270
58125 -6064 -270
58125 -6269 -270
58125 -6473 -270
58125 -6700 -270
58125 -6949 -270
58125 -7198 -270
58125 -7448 -270
58125 -7823 -270
58125 -8324 -270
58125 -8825 -270
58125 -9324 -270
58125 -9624 -270
58125 -9724 -270
61875 -2290 -270
61875 -2345 -270
61875 -2633 -270
61875 -3058 -270
61875 -3506 -270
61875 -3991 -270
61875 -4485 -270
61875 -4998 -270
61875 -5516 -270
61875 -5892 -270
61875 -6101 -270
61875 -6309 -270
61875 -6482 -270
61875 -6619 -270
61875 -6776 -270
61875 -6952 -270
61875 -7283 -270
61875 -7769 -270
61875 -8253 -270
61875 -8735 -270
61875 -9026 -270
61875 -9126 -270
65625 -2649 -270
65625 -2703 -270
65625 -2994 -270
65625 -3423 -270
65625 -3870 -270
65625 -4348 -270
65625 -4844 -270
65625 -5371 -270
65625 -5896 -270
65625 -6272 -270
65625 -6482 -270
65625 -6691 -270
65625 -6853 -270
65625 -6969 -270
65625 -7111 -270
65625 -7278 -270
65625 -7592 -270
65625 -8053 -270
65625 -8511 -270
65625 -8969 -270
65625 -9247 -270
65625 -9347 -270
69375 -2875 -270
69375 -2935 -270
69375 -3258 -270
69375 -3730 -270
69375 -4216 -270
69375 -4737 -270
69375 -5295 -270
69375 -5900 -270
69375 -6459 -270
69375 -6830 -270
69375 -7038 -270
69375 -7245 -270
69375 -7427 -270
69375 -7585 -270
69375 -7767 -270
69375 -7975 -270
69375 -8281 -270
69375 -8685 -270
69375 -9088 -270
69375 -9490 -270
69375 -9741 -270
69375 -9841 -270
73125 -3009 -270
73125 -3076 -270
73125 -3427 -270
73125 -3939 -270
73125 -4463 -270
73125 -5027 -270
73125 -5647 -270
73125 -6333 -270
73125 -6927 -270
73125 -7294 -270
73125 -7500 -270
73125 -7705 -270
73125 -7927 -270
73125 -8165 -270
73125 -8428 -270
73125 -8716 -270
73125 -9010 -270
73125 -9312 -270
73125 -9613 -270
73125 -9914 -270
73125 -10115 -270
73125 -10215 -270
76875 -3009 -270
76875 -3076 -270
76875 -3427 -270
76875 -3939 -270
76875 -4463 -270
76875 -5027 -270
76875 -5647 -270
76875 -6333 -270
76875 -6927 -270
76875 -7190 -270
76875 -7294 -270
76875 -7500 -270
76875 -7705 -270
76875 -7807 -270
76875 -7927 -270
76875 -8165 -270
76875 -8428 -270
76875 -8716 -270
76875 -9010 -270
76875 -9312 -270
76875 -9613 -270
76875 -9914 -270
76875 -10115 -270
76875 -10215 -270
-1875 200 -220
-1875 148 -220
-1875 46 -220
1875 200 -220
1875 148 -220
1875 46 -220
5625 200 -220
5625 187 -220
5625 162 -220
5625 128 -220
5625 88 -220
5625 43 -220
5625 -6 -220
5625 -55 -220
5625 -102 -220
5625 -178 -220
5625 -281 -220
9375 200 -220
9375 114 -220
9375 -48 -220
9375 -243 -220
9375 -465 -220
9375 -707 -220
9375 -969 -220
9375 -1217 -220
9375 -1453 -220
9375 -1621 -220
9375 -1724 -220
13125 168 -220
13125 120 -220
13125 40 -220
13125 -77 -220
13125 -245 -220
13125 -442 -220
13125 -663 -220
13125 -902 -220
13125 -1157 -220
13125 -1489 -220
13125 -1895 -220
13125 -2282 -220
13125 -2657 -220
13125 -2892 -220
13125 -2992 -220
16875 131 -220
16875 111 -220
16875 9 -220
16875 -135 -220
16875 -276 -220
16875 -445 -220
16875 -682 -220
16875 -964 -220
16875 -1237 -220
16875 -1504 -220
16875 -1774 -220
16875 -2050 -220
16875 -2460 -220
16875 -3000 -220
16875 -3523 -220
16875 -4037 -220
16875 -4341 -220
16875 -4441 -220
20625 92 -220
20625 77 -220
20625 47 -220
20625 9 -220
20625 -65 -220
20625 -328 -220
20625 -666 -220
20625 -882 -220
20625 -1137 -220
20625 -1477 -220
20625 -1813 -220
20625 -2149 -220
20625 -2487 -220
20625 -2826 -220
20625 -3167 -220
20625 -3659 -220
20625 -4300 -220
20625 -4932 -220
20625 -5558 -220
20625 -5920 -220
20625 -6020 -220
24375 44 -220
24375 43 -220
24375 39 -220
24375 34 -220
24375 19 -220
24375 -5 -220
24375 -118 -220
24375 -313 -220
24375 -535 -220
24375 -716 -220
24375 -986 -220
24375 -1305 -220
24375 -1538 -220
24375 -1873 -220
24375 -2318 -220
24375 -2790 -220
24375 -3283 -220
24375 -3803 -220
24375 -4348 -220
24375 -4921 -220
24375 -5506 -220
24375 -6103 -220
24375 -6698 -220
24375 -7293 -220
24375 -7640 -220
24375 -7740 -220
28125 -12 -220
28125 -31 -220
28125 -76 -220
28125 -131 -220
28125 -283 -220
28125 -526 -220
28125 -822 -220
28125 -1168 -220
28125 -1417 -220
28125 -1552 -220
28125 -1847 -220
28125 -2400 -220
28125 -2838 -220
28125 -3140 -220
28125 -3622 -220
28125 -4228 -220
28125 -4874 -220
28125 -5564 -220
28125 -6302 -220
28125 -7089 -220
28125 -7762 -220
28125 -8323 -220
28125 -8884 -220
28125 -9444 -220
28125 -9775 -220
28125 -9875 -220
31875 -222 -220
31875 -288 -220
31875 -452 -220
31875 -641 -220
31875 -943 -220
31875 -1345 -220
31875 -1727 -220
31875 -2096 -220
31875 -2454 -220
31875 -2685 -220
31875 -3186 -220
31875 -4095 -220
31875 -4678 -220
31875 -4979 -220
31875 -5542 -220
31875 -6316 -220
31875 -6907 -220
31875 -7316 -220
31875 -7727 -220
31875 -8139 -220
31875 -8603 -220
31875 -9117 -220
31875 -9631 -220
31875 -10145 -220
31875 -10452 -220
31875 -10552 -220
35625 -435 -220
35625 -571 -220
35625 -896 -220
35625 -1253 -220
35625 -1670 -220
35625 -2147 -220
35625 -2663 -220
35625 -3222 -220
35625 -3863 -220
35625 -4283 -220
35625 -4708 -220
35625 -5453 -220
35625 -5949 -220
35625 -6250 -220
35625 -6688 -220
35625 -7212 -220
35625 -7616 -220
35625 -7902 -220
35625 -8201 -220
35625 -8514 -220
35625 -8901 -220
35625 -9362 -220
35625 -9823 -220
35625 -10283 -220
35625 -10564 -220
35625 -10664 -220
39375 -628 -220
39375 -850 -220
39375 -1357 -220
39375 -1890 -220
39375 -2400 -220
39375 -2907 -220
39375 -3535 -220
39375 -4283 -220
39375 -5092 -220
39375 -5586 -220
39375 -5903 -220
39375 -6435 -220
39375 -6819 -220
39375 -7065 -220
39375 -7283 -220
39375 -7464 -220
39375 -7674 -220
39375 -7910 -220
39375 -8174 -220
39375 -8465 -220
39375 -8840 -220
39375 -9299 -220
39375 -9759 -220
39375 -10218 -220
39375 -10498 -220
39375 -10598 -220
43125 -791 -220
43125 -1094 -220
43125 -1770 -220
43125 -2467 -220
43125 -3065 -220
43125 -3602 -220
43125 -4241 -220
43125 -4980 -220
43125 -5602 -220
43125 -5909 -220
43125 -6262 -220
43125 -6867 -220
43125 -7270 -220
43125 -7472 -220
43125 -7676 -220
43125 -7880 -220
43125 -8085 -220
43125 -8465 -220
43125 -9019 -220
43125 -9572 -220
43125 -10126 -220
43125 -10453 -220
43125 -10553 -220
46875 -1144 -220
46875 -1438 -220
46875 -2085 -220
46875 -2739 -220
46875 -3375 -220
46875 -4026 -220
46875 -4615 -220
46875 -5153 -220
46875 -5679 -220
46875 -5949 -220
46875 -6228 -220
46875 -6779 -220
46875 -7163 -220
46875 -7413 -220
46875 -7712 -220
46875 -8029 -220
46875 -8366 -220
46875 -8863 -220
46875 -9520 -220
46875 -10177 -220
46875 -10833 -220
46875 -11212 -220
46875 -11312 -220
50625 -1346 -220
50625 -1614 -220
50625 -2205 -220
50625 -2801 -220
50625 -3415 -220
50625 -4077 -220
50625 -4662 -220
50625 -5185 -220
50625 -5703 -220
50625 -6178 -220
50625 -6626 -220
50625 -6960 -220
50625 -7215 -220
50625 -7522 -220
50625 -7848 -220
50625 -8191 -220
50625 -8682 -220
50625 -9322 -220
50625 -9960 -220
50625 -10599 -220
50625 -10968 -220
50625 -11068 -220
54375 -1483 -220
54375 -1720 -220
54375 -2245 -220
54375 -2776 -220
54375 -3344 -220
54375 -3971 -220
54375 -4573 -220
54375 -5161 -220
54375 -5709 -220
54375 -6127 -220
54375 -6452 -220
54375 -6719 -220
54375 -6961 -220
54375 -7240 -220
54375 -7529 -220
54375 -7825 -220
54375 -8258 -220
54375 -8828 -220
54375 -9396 -220
54375 -9964 -220
54375 -10298 -220
54375 -10398 -220
58125 -1636 -220
58125 -1840 -220
58125 -2295 -220
58125 -2759 -220
58125 -3284 -220
58125 -3882 -220
58125 -4502 -220
58125 -5152 -220
58125 -5729 -220
58125 -6092 -220
58125 -6297 -220
58125 -6501 -220
58125 -6727 -220
58125 -6977 -220
58125 -7226 -220
58125 -7475 -220
58125 -7850 -220
58125 -8352 -220
58125 -8852 -220
58125 -9352 -220
58125 -9651 -220
58125 -9752 -220
61875 -2241 -220
61875 -2410 -220
61875 -2789 -220
61875 -3178 -220
61875 -3604 -220
61875 -4075 -220
61875 -4560 -220
61875 -5068 -220
61875 -5584 -220
61875 -5958 -220
61875 -6167 -220
61875 -6375 -220
61875 -6547 -220
61875 -6685 -220
61875 -6842 -220
61875 -7017 -220
61875 -7349 -220
61875 -7835 -220
61875 -8318 -220
61875 -8800 -220
61875 -9091 -220
61875 -9191 -220
65625 -2627 -220
65625 -2797 -220
65625 -3180 -220
65625 -3574 -220
65625 -3998 -220
65625 -4461 -220
65625 -4949 -220
65625 -5470 -220
65625 -5993 -220
65625 -6368 -220
65625 -6578 -220
65625 -6786 -220
65625 -6948 -220
65625 -7064 -220
65625 -7206 -220
65625 -7373 -220
65625 -7687 -220
65625 -8148 -220
65625 -8606 -220
65625 -9063 -220
65625 -9342 -220
65625 -9442 -220
69375 -2860 -220
69375 -3050 -220
69375 -3474 -220
69375 -3904 -220
69375 -4366 -220
69375 -4871 -220
69375 -5420 -220
69375 -6020 -220
69375 -6577 -220
69375 -6947 -220
69375 -7155 -220
69375 -7362 -220
69375 -7544 -220
69375 -7701 -220
69375 -7884 -220
69375 -8092 -220
69375 -8398 -220
69375 -8802 -220
69375 -9205 -220
69375 -9607 -220
69375 -9858 -220
69375 -9958 -220
73125 -2994 -220
73125 -3203 -220
73125 -3666 -220
73125 -4130 -220
73125 -4629 -220
73125 -5176 -220
73125 -5787 -220
73125 -6468 -220
73125 -7061 -220
73125 -7426 -220
73125 -7633 -220
73125 -7838 -220
73125 -8059 -220
73125 -8298 -220
73125 -8561 -220
73125 -8848 -220
73125 -9143 -220
73125 -9445 -220
73125 -9746 -220
73125 -10047 -220
73125 -10247 -220
73125 -10348 -220
76875 -2994 -220
76875 -3203 -220
76875 -3666 -220
76875 -4130 -220
76875 -4629 -220
76875 -5176 -220
76875 -5787 -220
76875 -6468 -220
76875 -7061 -220
76875 -7323 -220
76875 -7426 -220
76875 -7633 -220
76875 -7838 -220
76875 -7940 -220
76875 -8059 -220
76875 -8298 -220
76875 -8561 -220
76875 -8848 -220
76875 -9143 -220
76875 -9445 -220
76875 -9746 -220
76875 -10047 -220
76875 -10247 -220
76875 -10348 -220
-1875 199 -170
-1875 148 -170
-1875 45 -170
1875 199 -170
1875 148 -170
1875 45 -170
5625 198 -170
5625 185 -170
5625 160 -170
5625 127 -170
5625 86 -170
5625 41 -170
5625 -8 -170
5625 -56 -170
5625 -104 -170
5625 -179 -170
5625 -282 -170
9375 197 -170
9375 112 -170
9375 -50 -170
9375 -246 -170
9375 -468 -170
9375 -709 -170
9375 -972 -170
9375 -1220 -170
9375 -1456 -170
9375 -1624 -170
9375 -1727 -170
13125 166 -170
13125 118 -170
13125 38 -170
13125 -79 -170
13125 -247 -170
13125 -444 -170
13125 -665 -170
13125 -904 -170
13125 -1159 -170
13125 -1490 -170
13125 -1896 -170
13125 -2284 -170
13125 -2658 -170
13125 -2893 -170
13125 -2994 -170
16875 130 -170
16875 110 -170
16875 8 -170
16875 -136 -170
16875 -276 -170
16875 -446 -170
16875 -683 -170
16875 -964 -170
16875 -1238 -170
16875 -1504 -170
16875 -1775 -170
16875 -2051 -170
16875 -2461 -170
16875 -3000 -170
16875 -3524 -170
16875 -4037 -170
16875 -4342 -170
16875 -4442 -170
20625 92 -170
20625 77 -170
20625 47 -170
20625 10 -170
20625 -65 -170
20625 -327 -170
20625 -666 -170
20625 -882 -170
20625 -1136 -170
20625 -1476 -170
20625 -1813 -170
20625 -2149 -170
20625 -2487 -170
20625 -2825 -170
20625 -3167 -170
20625 -3659 -170
20625 -4299 -170
20625 -4931 -170
20625 -5557 -170
20625 -5919 -170
20625 -6019 -170
24375 46 -170
24375 44 -170
24375 39 -170
24375 34 -170
24375 19 -170
24375 -4 -170
24375 -117 -170
24375 -313 -170
24375 -534 -170
24375 -715 -170
24375 -985 -170
24375 -1303 -170
24375 -1536 -170
24375 -1871 -170
24375 -2316 -170
24375 -2788 -170
24375 -3281 -170
24375 -3801 -170
24375 -4346 -170
24375 -4919 -170
24375 -5504 -170
24375 -6101 -170
24375 -6696 -170
24375 -7291 -170
24375 -7638 -170
24375 -7738 -170
28125 -3 -170
28125 -31 -170
28125 -87 -170
28125 -141 -170
28125 -293 -170
28125 -534 -170
28125 -829 -170
28125 -1174 -170
28125 -1422 -170
28125 -1557 -170
28125 -1851 -170
28125 -2403 -170
28125 -2840 -170
28125 -3142 -170
28125 -3623 -170
28125 -4230 -170
28125 -4876 -170
28125 -5565 -170
28125 -6303 -170
28125 -7090 -170
28125 -7764 -170
28125 -8324 -170
28125 -8885 -170
28125 -9446 -170
28125 -9776 -170
28125 -9876 -170
31875 -182 -170
31875 -191 -170
31875 -302 -170
31875 -497 -170
31875 -681 -170
31875 -977 -170
31875 -1373 -170
31875 -1750 -170
31875 -2116 -170
31875 -2471 -170
31875 -2701 -170
31875 -3201 -170
31875 -4108 -170
31875 -4691 -170
31875 -4991 -170
31875 -5554 -170
31875 -6328 -170
31875 -6919 -170
31875 -7328 -170
31875 -7739 -170
31875 -8151 -170
31875 -8614 -170
31875 -9128 -170
31875 -9642 -170
31875 -10156 -170
31875 -10463 -170
31875 -10563 -170
35625 -361 -170
35625 -382 -170
35625 -605 -170
35625 -986 -170
35625 -1327 -170
35625 -1732 -170
35625 -2198 -170
35625 -2706 -170
35625 -3260 -170
35625 -3898 -170
35625 -4316 -170
35625 -4740 -170
35625 -5484 -170
35625 -5981 -170
35625 -6282 -170
35625 -6719 -170
35625 -7243 -170
35625 -7648 -170
35625 -7933 -170
35625 -8233 -170
35625 -8546 -170
35625 -8933 -170
35625 -9394 -170
35625 -9854 -170
35625 -10315 -170
35625 -10595 -170
35625 -10695 -170
39375 -514 -170
39375 -546 -170
39375 -898 -170
39375 -1485 -170
39375 -1988 -170
39375 -2480 -170
39375 -2976 -170
39375 -3595 -170
39375 -4338 -170
39375 -5145 -170
39375 -5637 -170
39375 -5954 -170
39375 -6486 -170
39375 -6870 -170
39375 -7116 -170
39375 -7334 -170
39375 -7516 -170
39375 -7725 -170
39375 -7961 -170
39375 -8225 -170
39375 -8516 -170
39375 -8891 -170
39375 -9351 -170
39375 -9810 -170
39375 -10270 -170
39375 -10549 -170
39375 -10649 -170
43125 -631 -170
43125 -668 -170
43125 -1137 -170
43125 -1915 -170
43125 -2573 -170
43125 -3152 -170
43125 -3680 -170
43125 -4311 -170
43125 -5045 -170
43125 -5664 -170
43125 -5971 -170
43125 -6324 -170
43125 -6929 -170
43125 -7331 -170
43125 -7534 -170
43125 -7737 -170
43125 -7942 -170
43125 -8147 -170
43125 -8526 -170
43125 -9080 -170
43125 -9634 -170
43125 -10188 -170
43125 -10514 -170
43125 -10614 -170
46875 -989 -170
46875 -1056 -170
46875 -1529 -170
46875 -2259 -170
46875 -2870 -170
46875 -3484 -170
46875 -4123 -170
46875 -4706 -170
46875 -5241 -170
46875 -5765 -170
46875 -6035 -170
46875 -6313 -170
46875 -6863 -170
46875 -7248 -170
46875 -7498 -170
46875 -7796 -170
46875 -8114 -170
46875 -8450 -170
46875 -8947 -170
46875 -9604 -170
46875 -10261 -170
46875 -10918 -170
46875 -11296 -170
46875 -11396 -170
50625 -1190 -170
50625 -1262 -170
50625 -1703 -170
50625 -2365 -170
50625 -2919 -170
50625 -3511 -170
50625 -4160 -170
50625 -4740 -170
50625 -5260 -170
50625 -5776 -170
50625 -6251 -170
50625 -6699 -170
50625 -7032 -170
50625 -7287 -170
50625 -7594 -170
50625 -7920 -170
50625 -8263 -170
50625 -8754 -170
50625 -9394 -170
50625 -10032 -170
50625 -10671 -170
50625 -11040 -170
50625 -11140 -170
54375 -1322 -170
54375 -1388 -170
54375 -1781 -170
54375 -2369 -170
54375 -2863 -170
54375 -3411 -170
54375 -4027 -170
54375 -4623 -170
54375 -5208 -170
54375 -5754 -170
54375 -6172 -170
54375 -6496 -170
54375 -6764 -170
54375 -7005 -170
54375 -7285 -170
54375 -7573 -170
54375 -7869 -170
54375 -8302 -170
54375 -8872 -170
54375 -9440 -170
54375 -10008 -170
54375 -10343 -170
54375 -10443 -170
58125 -1472 -170
58125 -1532 -170
58125 -1875 -170
58125 -2386 -170
58125 -2818 -170
58125 -3323 -170
58125 -3908 -170
58125 -4521 -170
58125 -5167 -170
58125 -5743 -170
58125 -6105 -170
58125 -6310 -170
58125 -6514 -170
58125 -6740 -170
58125 -6989 -170
58125 -7239 -170
58125 -7488 -170
58125 -7863 -170
58125 -8365 -170
58125 -8865 -170
58125 -9365 -170
58125 -9664 -170
58125 -9764 -170
61875 -2104 -170
61875 -2206 -170
61875 -2531 -170
61875 -2942 -170
61875 -3296 -170
61875 -3702 -170
61875 -4159 -170
61875 -4637 -170
61875 -5140 -170
61875 -5654 -170
61875 -6027 -170
61875 -6236 -170
61875 -6444 -170
61875 -6616 -170
61875 -6753 -170
61875 -6910 -170
61875 -7086 -170
61875 -7417 -170
61875 -7903 -170
61875 -8386 -170
61875 -8869 -170
61875 -9160 -170
61875 -9260 -170
65625 -2507 -170
65625 -2631 -170
65625 -2979 -170
65625 -3394 -170
65625 -3752 -170
65625 -4155 -170
65625 -4606 -170
65625 -5086 -170
65625 -5602 -170
65625 -6122 -170
65625 -6496 -170
65625 -6705 -170
65625 -6913 -170
65625 -7075 -170
65625 -7191 -170
65625 -7333 -170
65625 -7500 -170
65625 -7814 -170
65625 -8275 -170
65625 -8733 -170
65625 -9190 -170
65625 -9469 -170
65625 -9569 -170
69375 -2751 -170
69375 -2882 -170
69375 -3263 -170
69375 -3721 -170
69375 -4113 -170
69375 -4553 -170
69375 -5045 -170
69375 -5586 -170
69375 -6181 -170
69375 -6736 -170
69375 -7106 -170
69375 -7314 -170
69375 -7520 -170
69375 -7702 -170
69375 -7860 -170
69375 -8042 -170
69375 -8250 -170
69375 -8556 -170
69375 -8960 -170
69375 -9363 -170
69375 -9765 -170
69375 -10016 -170
69375 -10116 -170
73125 -2893 -170
73125 -3020 -170
73125 -3422 -170
73125 -3923 -170
73125 -4348 -170
73125 -4824 -170
73125 -5358 -170
73125 -5961 -170
73125 -6637 -170
73125 -7228 -170
73125 -7593 -170
73125 -7800 -170
73125 -8004 -170
73125 -8226 -170
73125 -8465 -170
73125 -8728 -170
73125 -9015 -170
73125 -9309 -170
73125 -9611 -170
73125 -9912 -170
73125 -10213 -170
73125 -10414 -170
73125 -10514 -170
76875 -2893 -170
76875 -3020 -170
76875 -3422 -170
76875 -3923 -170
76875 -4348 -170
76875 -4824 -170
76875 -5358 -170
76875 -5961 -170
76875 -6637 -170
76875 -7228 -170
76875 -7490 -170
76875 -7593 -170
76875 -7800 -170
76875 -8004 -170
76875 -8107 -170
76875 -8226 -170
76875 -8465 -170
76875 -8728 -170
76875 -9015 -170
76875 -9309 -170
76875 -9611 -170
76875 -9912 -170
76875 -10213 -170
76875 -10414 -170
76875 -10514 -170
-1875 196 -120
-1875 145 -120
-1875 43 -120
1875 196 -120
1875 145 -120
1875 43 -120
5625 190 -120
5625 177 -120
5625 152 -120
5625 119 -120
5625 78 -120
5625 33 -120
5625 -15 -120
5625 -64 -120
5625 -112 -120
5625 -187 -120
5625 -290 -120
9375 184 -120
9375 99 -120
9375 -64 -120
9375 -259 -120
9375 -482 -120
9375 -723 -120
9375 -986 -120
9375 -1234 -120
9375 -1471 -120
9375 -1638 -120
9375 -1742 -120
13125 157 -120
13125 109 -120
13125 28 -120
13125 -88 -120
13125 -256 -120
13125 -454 -120
13125 -675 -120
13125 -913 -120
13125 -1168 -120
13125 -1500 -120
13125 -1906 -120
13125 -2293 -120
13125 -2668 -120
13125 -2903 -120
13125 -3004 -120
16875 125 -120
16875 106 -120
16875 3 -120
16875 -140 -120
16875 -281 -120
16875 -450 -120
16875 -686 -120
16875 -968 -120
16875 -1241 -120
16875 -1507 -120
16875 -1777 -120
16875 -2054 -120
16875 -2464 -120
16875 -3003 -120
16875 -3526 -120
16875 -4040 -120
16875 -4344 -120
16875 -4444 -120
20625 93 -120
20625 78 -120
20625 49 -120
20625 11 -120
20625 -64 -120
20625 -326 -120
20625 -664 -120
20625 -879 -120
20625 -1134 -120
20625 -1473 -120
20625 -1809 -120
20625 -2144 -120
20625 -2482 -120
20625 -2821 -120
20625 -3162 -120
20625 -3654 -120
20625 -4294 -120
20625 -4926 -120
20625 -5552 -120
20625 -5914 -120
20625 -6014 -120
24375 54 -120
24375 51 -120
24375 47 -120
24375 42 -120
24375 27 -120
24375 2 -120
24375 -110 -120
24375 -305 -120
24375 -526 -120
24375 -707 -120
24375 -977 -120
24375 -1294 -120
24375 -1526 -120
24375 -1861 -120
24375 -2305 -120
24375 -2776 -120
24375 -3269 -120
24375 -3789 -120
24375 -4334 -120
24375 -4907 -120
24375 -5492 -120
24375 -6089 -120
24375 -6684 -120
24375 -7279 -120
24375 -7626 -120
24375 -7726 -120
28125 12 -120
28125 11 -120
28125 9 -120
28125 -19 -120
28125 -74 -120
28125 -128 -120
28125 -280 -120
28125 -521 -120
28125 -815 -120
28125 -1160 -120
28125 -1407 -120
28125 -1542 -120
28125 -1836 -120
28125 -2387 -120
28125 -2823 -120
28125 -3125 -120
28125 -3607 -120
28125 -4213 -120
28125 -4859 -120
28125 -5548 -120
28125 -6286 -120
28125 -7073 -120
28125 -7746 -120
28125 -8307 -120
28125 -8868 -120
28125 -9429 -120
28125 -9759 -120
28125 -9859 -120
31875 -125 -120
31875 -139 -120
31875 -195 -120
31875 -335 -120
31875 -525 -120
31875 -705 -120
31875 -995 -120
31875 -1386 -120
31875 -1759 -120
31875 -2121 -120
31875 -2475 -120
31875 -2703 -120
31875 -3202 -120
31875 -4107 -120
31875 -4689 -120
31875 -4989 -120
31875 -5552 -120
31875 -6326 -120
31875 -6917 -120
31875 -7326 -120
31875 -7737 -120
31875 -8149 -120
31875 -8612 -120
31875 -9126 -120
31875 -9640 -120
31875 -10154 -120
31875 -10461 -120
31875 -10561 -120
35625 -262 -120
35625 -294 -120
35625 -414 -120
35625 -693 -120
35625 -1052 -120
35625 -1379 -120
35625 -1772 -120
35625 -2230 -120
35625 -2731 -120
35625 -3280 -120
35625 -3914 -120
35625 -4330 -120
35625 -4754 -120
35625 -5498 -120
35625 -5994 -120
35625 -6295 -120
35625 -6733 -120
35625 -7256 -120
35625 -7661 -120
35625 -7947 -120
35625 -8246 -120
35625 -8559 -120
35625 -8946 -120
35625 -9407 -120
35625 -9868 -120
35625 -10328 -120
35625 -10608 -120
35625 -10708 -120
39375 -382 -120
39375 -429 -120
39375 -607 -120
39375 -1030 -120
39375 -1573 -120
39375 -2054 -120
39375 -2533 -120
39375 -3020 -120
39375 -3632 -120
39375 -4369 -120
39375 -5173 -120
39375 -5665 -120
39375 -5982 -120
39375 -6514 -120
39375 -6898 -120
39375 -7144 -120
39375 -7362 -120
39375 -7544 -120
39375 -7753 -120
39375 -7989 -120
39375 -8253 -120
39375 -8544 -120
39375 -8919 -120
39375 -9378 -120
39375 -9838 -120
39375 -10297 -120
39375 -10577 -120
39375 -10677 -120
43125 -475 -120
43125 -531 -120
43125 -738 -120
43125 -1281 -120
43125 -2004 -120
43125 -2638 -120
43125 -3205 -120
43125 -3726 -120
43125 -4351 -120
43125 -5080 -120
43125 -5698 -120
43125 -6004 -120
43125 -6357 -120
43125 -6962 -120
43125 -7364 -120
43125 -7566 -120
43125 -7770 -120
43125 -7975 -120
43125 -8180 -120
43125 -8559 -120
43125 -9113 -120
43125 -9667 -120
43125 -10221 -120
43125 -10547 -120
43125 -10647 -120
46875 -750 -120
46875 -848 -120
46875 -1196 -120
46875 -1789 -120
46875 -2428 -120
46875 -3000 -120
46875 -3593 -120
46875 -4220 -120
46875 -4797 -120
46875 -5328 -120
46875 -5851 -120
46875 -6120 -120
46875 -6398 -120
46875 -6948 -120
46875 -7333 -120
46875 -7583 -120
46875 -7881 -120
46875 -8198 -120
46875 -8535 -120
46875 -9032 -120
46875 -9689 -120
46875 -10346 -120
46875 -11002 -120
46875 -11381 -120
46875 -11481 -120
50625 -898 -120
50625 -1004 -120
50625 -1375 -120
50625 -1943 -120
50625 -2511 -120
50625 -3023 -120
50625 -3592 -120
50625 -4227 -120
50625 -4800 -120
50625 -5318 -120
50625 -5832 -120
50625 -6306 -120
50625 -6754 -120
50625 -7087 -120
50625 -7342 -120
50625 -7649 -120
50625 -7975 -120
50625 -8318 -120
50625 -8809 -120
50625 -9448 -120
50625 -10087 -120
50625 -10726 -120
50625 -11095 -120
50625 -11195 -120
54375 -992 -120
54375 -1088 -120
54375 -1430 -120
54375 -1942 -120
54375 -2445 -120
54375 -2899 -120
54375 -3425 -120
54375 -4028 -120
54375 -4618 -120
54375 -5199 -120
54375 -5745 -120
54375 -6162 -120
54375 -6486 -120
54375 -6753 -120
54375 -6995 -120
54375 -7274 -120
54375 -7562 -120
54375 -7859 -120
54375 -8292 -120
54375 -8861 -120
54375 -9430 -120
54375 -9998 -120
54375 -10332 -120
54375 -10432 -120
58125 -1100 -120
58125 -1189 -120
58125 -1507 -120
58125 -1966 -120
58125 -2399 -120
58125 -2793 -120
58125 -3278 -120
58125 -3850 -120
58125 -4457 -120
58125 -5099 -120
58125 -5673 -120
58125 -6035 -120
58125 -6240 -120
58125 -6444 -120
58125 -6670 -120
58125 -6919 -120
58125 -7169 -120
58125 -7418 -120
58125 -7793 -120
58125 -8294 -120
58125 -8795 -120
58125 -9295 -120
58125 -9594 -120
58125 -9694 -120
61875 -1612 -120
61875 -1760 -120
61875 -2253 -120
61875 -2763 -120
61875 -3080 -120
61875 -3379 -120
61875 -3749 -120
61875 -4186 -120
61875 -4655 -120
61875 -5154 -120
61875 -5665 -120
61875 -6037 -120
61875 -6246 -120
61875 -6453 -120
61875 -6625 -120
61875 -6762 -120
61875 -6919 -120
61875 -7095 -120
61875 -7426 -120
61875 -7912 -120
61875 -8395 -120
61875 -8877 -120
61875 -9168 -120
61875 -9268 -120
65625 -1994 -120
65625 -2173 -120
65625 -2751 -120
65625 -3315 -120
65625 -3634 -120
65625 -3939 -120
65625 -4309 -120
65625 -4739 -120
65625 -5210 -120
65625 -5720 -120
65625 -6238 -120
65625 -6611 -120
65625 -6820 -120
65625 -7028 -120
65625 -7190 -120
65625 -7306 -120
65625 -7447 -120
65625 -7614 -120
65625 -7928 -120
65625 -8389 -120
65625 -8847 -120
65625 -9304 -120
65625 -9583 -120
65625 -9683 -120
69375 -2265 -120
69375 -2457 -120
69375 -3099 -120
69375 -3734 -120
69375 -4093 -120
69375 -4433 -120
69375 -4841 -120
69375 -5315 -120
69375 -5847 -120
69375 -6437 -120
69375 -6990 -120
69375 -7359 -120
69375 -7566 -120
69375 -7772 -120
69375 -7954 -120
69375 -8112 -120
69375 -8295 -120
69375 -8502 -120
69375 -8808 -120
69375 -9212 -120
69375 -9615 -120
69375 -10017 -120
69375 -10267 -120
69375 -10368 -120
73125 -2444 -120
73125 -2633 -120
73125 -3262 -120
73125 -3908 -120
73125 -4304 -120
73125 -4677 -120
73125 -5124 -120
73125 -5641 -120
73125 -6236 -120
73125 -6907 -120
73125 -7496 -120
73125 -7861 -120
73125 -8067 -120
73125 -8272 -120
73125 -8493 -120
73125 -8732 -120
73125 -8994 -120
73125 -9282 -120
73125 -9576 -120
73125 -9878 -120
73125 -10179 -120
73125 -10480 -120
73125 -10680 -120
73125 -10781 -120
76875 -2444 -120
76875 -2633 -120
76875 -3262 -120
76875 -3908 -120
76875 -4304 -120
76875 -4677 -120
76875 -5124 -120
76875 -5641 -120
76875 -6236 -120
76875 -6907 -120
76875 -7496 -120
76875 -7758 -120
76875 -7861 -120
76875 -8067 -120
76875 -8272 -120
76875 -8374 -120
76875 -8493 -120
76875 -8732 -120
76875 -8994 -120
76875 -9282 -120
76875 -9576 -120
76875 -9878 -120
76875 -10179 -120
76875 -10480 -120
76875 -10680 -120
76875 -10781 -120
-1875 194 -69
-1875 143 -69
-1875 40 -69
1875 194 -69
1875 143 -69
1875 40 -69
5625 182 -69
5625 170 -69
5625 144 -69
5625 111 -69
5625 71 -69
5625 25 -69
5625 -23 -69
5625 -72 -69
5625 -120 -69
5625 -195 -69
5625 -298 -69
9375 171 -69
9375 86 -69
9375 -77 -69
9375 -272 -69
9375 -495 -69
9375 -737 -69
9375 -1000 -69
9375 -1248 -69
9375 -1485 -69
9375 -1653 -69
9375 -1757 -69
13125 147 -69
13125 99 -69
13125 19 -69
13125 -98 -69
13125 -266 -69
13125 -463 -69
13125 -684 -69
13125 -922 -69
13125 -1177 -69
13125 -1509 -69
13125 -1915 -69
13125 -2302 -69
13125 -2677 -69
13125 -2912 -69
13125 -3013 -69
16875 121 -69
16875 102 -69
16875 0 -69
16875 -145 -69
16875 -285 -69
16875 -454 -69
16875 -690 -69
16875 -972 -69
16875 -1244 -69
16875 -1510 -69
16875 -1780 -69
16875 -2056 -69
16875 -2466 -69
16875 -3005 -69
16875 -3528 -69
16875 -4042 -69
16875 -4346 -69
16875 -4446 -69
20625 94 -69
20625 79 -69
20625 50 -69
20625 12 -69
20625 -63 -69
20625 -325 -69
20625 -662 -69
20625 -877 -69
20625 -1131 -69
20625 -1470 -69
20625 -1805 -69
20625 -2140 -69
20625 -2478 -69
20625 -2816 -69
20625 -3157 -69
20625 -3649 -69
20625 -4290 -69
20625 -4921 -69
20625 -5547 -69
20625 -5909 -69
20625 -6009 -69
24375 62 -69
24375 59 -69
24375 54 -69
24375 49 -69
24375 34 -69
24375 10 -69
24375 -102 -69
24375 -297 -69
24375 -518 -69
24375 -699 -69
24375 -968 -69
24375 -1285 -69
24375 -1517 -69
24375 -1850 -69
24375 -2294 -69
24375 -2764 -69
24375 -3257 -69
24375 -3777 -69
24375 -4322 -69
24375 -4895 -69
24375 -5479 -69
24375 -6076 -69
24375 -6672 -69
24375 -7267 -69
24375 -7614 -69
24375 -7714 -69
28125 27 -69
28125 26 -69
28125 24 -69
28125 21 -69
28125 -7 -69
28125 -62 -69
28125 -116 -69
28125 -267 -69
28125 -508 -69
28125 -802 -69
28125 -1145 -69
28125 -1393 -69
28125 -1527 -69
28125 -1820 -69
28125 -2370 -69
28125 -2806 -69
28125 -3108 -69
28125 -3589 -69
28125 -4195 -69
28125 -4841 -69
28125 -5530 -69
28125 -6268 -69
28125 -7055 -69
28125 -7728 -69
28125 -8289 -69
28125 -8850 -69
28125 -9410 -69
28125 -9741 -69
28125 -9841 -69
31875 -68 -69
31875 -87 -69
31875 -148 -69
31875 -230 -69
31875 -366 -69
31875 -551 -69
31875 -727 -69
31875 -1013 -69
31875 -1399 -69
31875 -1768 -69
31875 -2128 -69
31875 -2479 -69
31875 -2706 -69
31875 -3203 -69
31875 -4107 -69
31875 -4689 -69
31875 -4988 -69
31875 -5551 -69
31875 -6325 -69
31875 -6915 -69
31875 -7324 -69
31875 -7735 -69
31875 -8147 -69
31875 -8611 -69
31875 -9125 -69
31875 -9639 -69
31875 -10153 -69
31875 -10460 -69
31875 -10560 -69
35625 -164 -69
35625 -205 -69
35625 -335 -69
35625 -507 -69
35625 -770 -69
35625 -1112 -69
35625 -1427 -69
35625 -1811 -69
35625 -2260 -69
35625 -2755 -69
35625 -3299 -69
35625 -3931 -69
35625 -4345 -69
35625 -4768 -69
35625 -5512 -69
35625 -6008 -69
35625 -6309 -69
35625 -6746 -69
35625 -7270 -69
35625 -7674 -69
35625 -7960 -69
35625 -8259 -69
35625 -8573 -69
35625 -8960 -69
35625 -9420 -69
35625 -9881 -69
35625 -10341 -69
35625 -10622 -69
35625 -10722 -69
39375 -249 -69
39375 -311 -69
39375 -503 -69
39375 -750 -69
39375 -1139 -69
39375 -1651 -69
39375 -2114 -69
39375 -2582 -69
39375 -3061 -69
39375 -3667 -69
39375 -4399 -69
39375 -5201 -69
39375 -5692 -69
39375 -6009 -69
39375 -6541 -69
39375 -6925 -69
39375 -7170 -69
39375 -7389 -69
39375 -7570 -69
39375 -7779 -69
39375 -8016 -69
39375 -8280 -69
39375 -8571 -69
39375 -8946 -69
39375 -9405 -69
39375 -9865 -69
39375 -10324 -69
39375 -10604 -69
39375 -10704 -69
43125 -320 -69
43125 -393 -69
43125 -615 -69
43125 -900 -69
43125 -1399 -69
43125 -2081 -69
43125 -2696 -69
43125 -3253 -69
43125 -3769 -69
43125 -4389 -69
43125 -5114 -69
43125 -5730 -69
43125 -6035 -69
43125 -6388 -69
43125 -6992 -69
43125 -7394 -69
43125 -7597 -69
43125 -7801 -69
43125 -8005 -69
43125 -8210 -69
43125 -8589 -69
43125 -9144 -69
43125 -9697 -69
43125 -10251 -69
43125 -10578 -69
43125 -10678 -69
46875 -511 -69
46875 -639 -69
46875 -1011 -69
46875 -1462 -69
46875 -1979 -69
46875 -2567 -69
46875 -3113 -69
46875 -3691 -69
46875 -4308 -69
46875 -4879 -69
46875 -5407 -69
46875 -5928 -69
46875 -6196 -69
46875 -6474 -69
46875 -7024 -69
46875 -7408 -69
46875 -7658 -69
46875 -7957 -69
46875 -8274 -69
46875 -8610 -69
46875 -9107 -69
46875 -9764 -69
46875 -10421 -69
46875 -11078 -69
46875 -11456 -69
46875 -11556 -69
50625 -607 -69
50625 -745 -69
50625 -1140 -69
50625 -1616 -69
50625 -2104 -69
50625 -2622 -69
50625 -3108 -69
50625 -3660 -69
50625 -4284 -69
50625 -4851 -69
50625 -5365 -69
50625 -5879 -69
50625 -6352 -69
50625 -6799 -69
50625 -7132 -69
50625 -7387 -69
50625 -7694 -69
50625 -8019 -69
50625 -8363 -69
50625 -8854 -69
50625 -9493 -69
50625 -10132 -69
50625 -10770 -69
50625 -11139 -69
50625 -11239 -69
54375 -662 -69
54375 -787 -69
54375 -1150 -69
54375 -1591 -69
54375 -2032 -69
54375 -2489 -69
54375 -2918 -69
54375 -3428 -69
54375 -4019 -69
54375 -4603 -69
54375 -5182 -69
54375 -5726 -69
54375 -6142 -69
54375 -6466 -69
54375 -6733 -69
54375 -6974 -69
54375 -7254 -69
54375 -7542 -69
54375 -7839 -69
54375 -8272 -69
54375 -8841 -69
54375 -9410 -69
54375 -9978 -69
54375 -10312 -69
54375 -10412 -69
58125 -728 -69
58125 -843 -69
58125 -1181 -69
58125 -1594 -69
58125 -1988 -69
58125 -2380 -69
58125 -2751 -69
58125 -3220 -69
58125 -3781 -69
58125 -4381 -69
58125 -5021 -69
58125 -5593 -69
58125 -5955 -69
58125 -6159 -69
58125 -6363 -69
58125 -6590 -69
58125 -6839 -69
58125 -7088 -69
58125 -7337 -69
58125 -7712 -69
58125 -8214 -69
58125 -8714 -69
58125 -9214 -69
58125 -9514 -69
58125 -9614 -69
61875 -1121 -69
61875 -1309 -69
61875 -1829 -69
61875 -2435 -69
61875 -2851 -69
61875 -3130 -69
61875 -3404 -69
61875 -3754 -69
61875 -4175 -69
61875 -4635 -69
61875 -5129 -69
61875 -5638 -69
61875 -6009 -69
61875 -6217 -69
61875 -6424 -69
61875 -6596 -69
61875 -6734 -69
61875 -6890 -69
61875 -7066 -69
61875 -7397 -69
61875 -7883 -69
61875 -8366 -69
61875 -8848 -69
61875 -9139 -69
61875 -9239 -69
65625 -1481 -69
65625 -1707 -69
65625 -2316 -69
65625 -3011 -69
65625 -3469 -69
65625 -3759 -69
65625 -4044 -69
65625 -4396 -69
65625 -4812 -69
65625 -5274 -69
65625 -5780 -69
65625 -6295 -69
65625 -6666 -69
65625 -6875 -69
65625 -7083 -69
65625 -7244 -69
65625 -7360 -69
65625 -7502 -69
65625 -7668 -69
65625 -7982 -69
65625 -8443 -69
65625 -8901 -69
65625 -9359 -69
65625 -9637 -69
65625 -9737 -69
69375 -1779 -69
69375 -2023 -69
69375 -2701 -69
69375 -3501 -69
69375 -4032 -69
69375 -4361 -69
69375 -4679 -69
69375 -5070 -69
69375 -5530 -69
69375 -6054 -69
69375 -6639 -69
69375 -7190 -69
69375 -7558 -69
69375 -7765 -69
69375 -7971 -69
69375 -8152 -69
69375 -8310 -69
69375 -8493 -69
69375 -8700 -69
69375 -9006 -69
69375 -9410 -69
69375 -9812 -69
69375 -10214 -69
69375 -10465 -69
69375 -10565 -69
73125 -1994 -69
73125 -2234 -69
73125 -2900 -69
73125 -3682 -69
73125 -4223 -69
73125 -4585 -69
73125 -4935 -69
73125 -5365 -69
73125 -5868 -69
73125 -6456 -69
73125 -7122 -69
73125 -7709 -69
73125 -8073 -69
73125 -8279 -69
73125 -8484 -69
73125 -8705 -69
73125 -8943 -69
73125 -9206 -69
73125 -9493 -69
73125 -9788 -69
73125 -10089 -69
73125 -10391 -69
73125 -10692 -69
73125 -10892 -69
73125 -10992 -69
76875 -1994 -69
76875 -2234 -69
76875 -2900 -69
76875 -3682 -69
76875 -4223 -69
76875 -4585 -69
76875 -4935 -69
76875 -5365 -69
76875 -5868 -69
76875 -6456 -69
76875 -7122 -69
76875 -7709 -69
76875 -7970 -69
76875 -8073 -69
76875 -8279 -69
76875 -8484 -69
76875 -8586 -69
76875 -8705 -69
76875 -8943 -69
76875 -9206 -69
76875 -9493 -69
76875 -9788 -69
76875 -10089 -69
76875 -10391 -69
76875 -10692 -69
76875 -10892 -69
76875 -10992 -69
-1875 191 -20
-1875 140 -20
-1875 37 -20
1875 191 -20
1875 140 -20
1875 37 -20
5625 175 -20
5625 162 -20
5625 137 -20
5625 103 -20
5625 63 -20
5625 18 -20
5625 -31 -20
5625 -80 -20
5625 -127 -20
5625 -202 -20
5625 -306 -20
9375 158 -20
9375 73 -20
9375 -90 -20
9375 -286 -20
9375 -509 -20
9375 -751 -20
9375 -1014 -20
9375 -1263 -20
9375 -1500 -20
9375 -1668 -20
9375 -1772 -20
13125 138 -20
13125 90 -20
13125 9 -20
13125 -108 -20
13125 -275 -20
13125 -473 -20
13125 -693 -20
13125 -931 -20
13125 -1186 -20
13125 -1518 -20
13125 -1924 -20
13125 -2311 -20
13125 -2686 -20
13125 -2921 -20
13125 -3022 -20
16875 117 -20
16875 97 -20
16875 -4 -20
16875 -149 -20
16875 -289 -20
16875 -458 -20
16875 -694 -20
16875 -975 -20
16875 -1248 -20
16875 -1513 -20
16875 -1783 -20
16875 -2059 -20
16875 -2468 -20
16875 -3007 -20
16875 -3531 -20
16875 -4044 -20
16875 -4348 -20
16875 -4448 -20
20625 95 -20
20625 80 -20
20625 51 -20
20625 13 -20
20625 -62 -20
20625 -323 -20
20625 -660 -20
20625 -875 -20
20625 -1128 -20
20625 -1467 -20
20625 -1802 -20
20625 -2136 -20
20625 -2474 -20
20625 -2812 -20
20625 -3153 -20
20625 -3645 -20
20625 -4285 -20
20625 -4916 -20
20625 -5542 -20
20625 -5904 -20
20625 -6004 -20
24375 69 -20
24375 67 -20
24375 62 -20
24375 57 -20
24375 42 -20
24375 17 -20
24375 -94 -20
24375 -290 -20
24375 -510 -20
24375 -691 -20
24375 -959 -20
24375 -1275 -20
24375 -1507 -20
24375 -1840 -20
24375 -2283 -20
24375 -2753 -20
24375 -3245 -20
24375 -3765 -20
24375 -4310 -20
24375 -4883 -20
24375 -5467 -20
24375 -6064 -20
24375 -6660 -20
24375 -7254 -20
24375 -7601 -20
24375 -7701 -20
28125 42 -20
28125 41 -20
28125 39 -20
28125 36 -20
28125 34 -20
28125 5 -20
28125 -50 -20
28125 -104 -20
28125 -255 -20
28125 -494 -20
28125 -788 -20
28125 -1131 -20
28125 -1378 -20
28125 -1512 -20
28125 -1804 -20
28125 -2353 -20
28125 -2789 -20
28125 -3090 -20
28125 -3571 -20
28125 -4177 -20
28125 -4823 -20
28125 -5512 -20
28125 -6250 -20
28125 -7036 -20
28125 -7710 -20
28125 -8271 -20
28125 -8832 -20
28125 -9392 -20
28125 -9723 -20
28125 -9822 -20
31875 -11 -20
31875 -35 -20
31875 -100 -20
31875 -182 -20
31875 -262 -20
31875 -394 -20
31875 -575 -20
31875 -748 -20
31875 -1030 -20
31875 -1411 -20
31875 -1777 -20
31875 -2134 -20
31875 -2483 -20
31875 -2709 -20
31875 -3205 -20
31875 -4107 -20
31875 -4688 -20
31875 -4987 -20
31875 -5550 -20
31875 -6323 -20
31875 -6914 -20
31875 -7323 -20
31875 -7734 -20
31875 -8146 -20
31875 -8609 -20
31875 -9123 -20
31875 -9637 -20
31875 -10151 -20
31875 -10458 -20
31875 -10558 -20
35625 -65 -20
35625 -117 -20
35625 -256 -20
35625 -427 -20
35625 -588 -20
35625 -838 -20
35625 -1166 -20
35625 -1472 -20
35625 -1847 -20
35625 -2289 -20
35625 -2779 -20
35625 -3319 -20
35625 -3947 -20
35625 -4361 -20
35625 -4783 -20
35625 -5526 -20
35625 -6022 -20
35625 -6322 -20
35625 -6760 -20
35625 -7283 -20
35625 -7688 -20
35625 -7974 -20
35625 -8273 -20
35625 -8586 -20
35625 -8973 -20
35625 -9434 -20
35625 -9894 -20
35625 -10355 -20
35625 -10635 -20
35625 -10735 -20
39375 -116 -20
39375 -194 -20
39375 -398 -20
39375 -642 -20
39375 -868 -20
39375 -1233 -20
39375 -1721 -20
39375 -2171 -20
39375 -2629 -20
39375 -3102 -20
39375 -3702 -20
39375 -4429 -20
39375 -5229 -20
39375 -5719 -20
39375 -6036 -20
39375 -6568 -20
39375 -6951 -20
39375 -7197 -20
39375 -7415 -20
39375 -7597 -20
39375 -7806 -20
39375 -8043 -20
39375 -8306 -20
39375 -8597 -20
39375 -8972 -20
39375 -9432 -20
39375 -9891 -20
39375 -10351 -20
39375 -10631 -20
39375 -10731 -20
43125 -164 -20
43125 -254 -20
43125 -492 -20
43125 -773 -20
43125 -1030 -20
43125 -1497 -20
43125 -2150 -20
43125 -2750 -20
43125 -3299 -20
43125 -3810 -20
43125 -4426 -20
43125 -5147 -20
43125 -5760 -20
43125 -6066 -20
43125 -6418 -20
43125 -7022 -20
43125 -7424 -20
43125 -7626 -20
43125 -7830 -20
43125 -8035 -20
43125 -8240 -20
43125 -8619 -20
43125 -9173 -20
43125 -9727 -20
43125 -10281 -20
43125 -10607 -20
43125 -10707 -20
46875 -273 -20
46875 -429 -20
46875 -823 -20
46875 -1266 -20
46875 -1657 -20
46875 -2130 -20
46875 -2687 -20
46875 -3215 -20
46875 -3781 -20
46875 -4391 -20
46875 -4957 -20
46875 -5482 -20
46875 -6001 -20
46875 -6269 -20
46875 -6546 -20
46875 -7096 -20
46875 -7480 -20
46875 -7730 -20
46875 -8028 -20
46875 -8345 -20
46875 -8682 -20
46875 -9179 -20
46875 -9836 -20
46875 -10493 -20
46875 -11149 -20
46875 -11528 -20
46875 -11628 -20
50625 -316 -20
50625 -484 -20
50625 -903 -20
50625 -1369 -20
50625 -1778 -20
50625 -2224 -20
50625 -2713 -20
50625 -3181 -20
50625 -3722 -20
50625 -4336 -20
50625 -4898 -20
50625 -5409 -20
50625 -5921 -20
50625 -6393 -20
50625 -6840 -20
50625 -7173 -20
50625 -7428 -20
50625 -7735 -20
50625 -8060 -20
50625 -8404 -20
50625 -8895 -20
50625 -9534 -20
50625 -10173 -20
50625 -10811 -20
50625 -11180 -20
50625 -11280 -20
54375 -332 -20
54375 -484 -20
54375 -869 -20
54375 -1301 -20
54375 -1682 -20
54375 -2083 -20
54375 -2514 -20
54375 -2928 -20
54375 -3425 -20
54375 -4007 -20
54375 -4585 -20
54375 -5161 -20
54375 -5704 -20
54375 -6119 -20
54375 -6443 -20
54375 -6710 -20
54375 -6951 -20
54375 -7231 -20
54375 -7519 -20
54375 -7816 -20
54375 -8249 -20
54375 -8818 -20
54375 -9386 -20
54375 -9955 -20
54375 -10289 -20
54375 -10389 -20
58125 -356 -20
58125 -497 -20
58125 -855 -20
58125 -1259 -20
58125 -1617 -20
58125 -1975 -20
58125 -2344 -20
58125 -2700 -20
58125 -3157 -20
58125 -3709 -20
58125 -4304 -20
58125 -4940 -20
58125 -5511 -20
58125 -5872 -20
58125 -6076 -20
58125 -6280 -20
58125 -6507 -20
58125 -6756 -20
58125 -7005 -20
58125 -7254 -20
58125 -7629 -20
58125 -8131 -20
58125 -8631 -20
58125 -9131 -20
58125 -9430 -20
58125 -9531 -20
61875 -629 -20
61875 -856 -20
61875 -1404 -20
61875 -1994 -20
61875 -2506 -20
61875 -2881 -20
61875 -3143 -20
61875 -3403 -20
61875 -3740 -20
61875 -4151 -20
61875 -4603 -20
61875 -5092 -20
61875 -5598 -20
61875 -5968 -20
61875 -6176 -20
61875 -6383 -20
61875 -6555 -20
61875 -6692 -20
61875 -6848 -20
61875 -7024 -20
61875 -7355 -20
61875 -7841 -20
61875 -8324 -20
61875 -8806 -20
61875 -9097 -20
61875 -9197 -20
65625 -967 -20
65625 -1239 -20
65625 -1879 -20
65625 -2552 -20
65625 -3139 -20
65625 -3561 -20
65625 -3840 -20
65625 -4115 -20
65625 -4457 -20
65625 -4863 -20
65625 -5318 -20
65625 -5819 -20
65625 -6331 -20
65625 -6702 -20
65625 -6910 -20
65625 -7117 -20
65625 -7279 -20
65625 -7395 -20
65625 -7536 -20
65625 -7703 -20
65625 -8017 -20
65625 -8477 -20
65625 -8935 -20
65625 -9393 -20
65625 -9671 -20
65625 -9771 -20
69375 -1292 -20
69375 -1585 -20
69375 -2301 -20
69375 -3086 -20
69375 -3783 -20
69375 -4276 -20
69375 -4589 -20
69375 -4896 -20
69375 -5276 -20
69375 -5726 -20
69375 -6243 -20
69375 -6823 -20
69375 -7371 -20
69375 -7738 -20
69375 -7945 -20
69375 -8151 -20
69375 -8333 -20
69375 -8490 -20
69375 -8673 -20
69375 -8880 -20
69375 -9186 -20
69375 -9590 -20
69375 -9992 -20
69375 -10394 -20
69375 -10645 -20
69375 -10745 -20
73125 -1545 -20
73125 -1833 -20
73125 -2535 -20
73125 -3302 -20
73125 -3982 -20
73125 -4483 -20
73125 -4829 -20
73125 -5167 -20
73125 -5585 -20
73125 -6078 -20
73125 -6659 -20
73125 -7321 -20
73125 -7906 -20
73125 -8269 -20
73125 -8475 -20
73125 -8679 -20
73125 -8901 -20
73125 -9139 -20
73125 -9401 -20
73125 -9689 -20
73125 -9983 -20
73125 -10284 -20
73125 -10586 -20
73125 -10887 -20
73125 -11087 -20
73125 -11187 -20
76875 -1545 -20
76875 -1833 -20
76875 -2535 -20
76875 -3302 -20
76875 -3982 -20
76875 -4483 -20
76875 -4829 -20
76875 -5167 -20
76875 -5585 -20
76875 -6078 -20
76875 -6659 -20
76875 -7321 -20
76875 -7906 -20
76875 -8166 -20
76875 -8269 -20
76875 -8475 -20
76875 -8679 -20
76875 -8781 -20
76875 -8901 -20
76875 -9139 -20
76875 -9401 -20
76875 -9689 -20
76875 -9983 -20
76875 -10284 -20
76875 -10586 -20
76875 -10887 -20
76875 -11087 -20
76875 -11187 -20
-1875 190 0
-1875 139 0
-1875 37 0
1875 190 0
1875 139 0
1875 37 0
5625 171 0
5625 159 0
5625 133 0
5625 100 0
5625 60 0
5625 15 0
5625 -34 0
5625 -83 0
5625 -130 0
5625 -206 0
5625 -309 0
9375 153 0
9375 67 0
9375 -95 0
9375 -291 0
9375 -514 0
9375 -757 0
9375 -1020 0
9375 -1269 0
9375 -1506 0
9375 -1673 0
9375 -1778 0
13125 134 0
13125 86 0
13125 6 0
13125 -111 0
13125 -279 0
13125 -476 0
13125 -697 0
13125 -935 0
13125 -1190 0
13125 -1521 0
13125 -1927 0
13125 -2315 0
13125 -2689 0
13125 -2924 0
13125 -3025 0
16875 115 0
16875 95 0
16875 -6 0
16875 -151 0
16875 -291 0
16875 -460 0
16875 -696 0
16875 -976 0
16875 -1249 0
16875 -1514 0
16875 -1784 0
16875 -2060 0
16875 -2469 0
16875 -3008 0
16875 -3531 0
16875 -4044 0
16875 -4349 0
16875 -4449 0
20625 96 0
20625 81 0
20625 51 0
20625 13 0
20625 -61 0
20625 -323 0
20625 -659 0
20625 -874 0
20625 -1127 0
20625 -1465 0
20625 -1800 0
20625 -2135 0
20625 -2472 0
20625 -2810 0
20625 -3151 0
20625 -3643 0
20625 -4283 0
20625 -4914 0
20625 -5540 0
20625 -5902 0
20625 -6002 0
24375 72 0
24375 70 0
24375 65 0
24375 60 0
24375 45 0
24375 20 0
24375 -91 0
24375 -286 0
24375 -507 0
24375 -688 0
24375 -956 0
24375 -1271 0
24375 -1503 0
24375 -1836 0
24375 -2278 0
24375 -2748 0
24375 -3241 0
24375 -3760 0
24375 -4305 0
24375 -4878 0
24375 -5462 0
24375 -6059 0
24375 -6655 0
24375 -7249 0
24375 -7597 0
24375 -7697 0
28125 48 0
28125 47 0
28125 44 0
28125 41 0
28125 39 0
28125 9 0
28125 -45 0
28125 -99 0
28125 -250 0
28125 -489 0
28125 -783 0
28125 -1125 0
28125 -1372 0
28125 -1506 0
28125 -1798 0
28125 -2347 0
28125 -2782 0
28125 -3083 0
28125 -3564 0
28125 -4170 0
28125 -4816 0
28125 -5505 0
28125 -6242 0
28125 -7029 0
28125 -7703 0
28125 -8264 0
28125 -8824 0
28125 -9385 0
28125 -9715 0
28125 -9815 0
31875 11 0
31875 -30 0
31875 -114 0
31875 -195 0
31875 -274 0
31875 -404 0
31875 -584 0
31875 -755 0
31875 -1035 0
31875 -1414 0
31875 -1778 0
31875 -2133 0
31875 -2481 0
31875 -2706 0
31875 -3202 0
31875 -4103 0
31875 -4684 0
31875 -4983 0
31875 -5546 0
31875 -6319 0
31875 -6909 0
31875 -7319 0
31875 -7729 0
31875 -8142 0
31875 -8605 0
31875 -9119 0
31875 -9633 0
31875 -10147 0
31875 -10454 0
31875 -10554 0
35625 -26 0
35625 -117 0
35625 -294 0
35625 -460 0
35625 -618 0
35625 -864 0
35625 -1188 0
35625 -1490 0
35625 -1862 0
35625 -2302 0
35625 -2789 0
35625 -3328 0
35625 -3955 0
35625 -4368 0
35625 -4790 0
35625 -5533 0
35625 -6028 0
35625 -6329 0
35625 -6767 0
35625 -7290 0
35625 -7695 0
35625 -7980 0
35625 -8280 0
35625 -8593 0
35625 -8980 0
35625 -9441 0
35625 -9901 0
35625 -10362 0
35625 -10642 0
35625 -10742 0
39375 -63 0
39375 -198 0
39375 -456 0
39375 -692 0
39375 -910 0
39375 -1268 0
39375 -1748 0
39375 -2193 0
39375 -2648 0
39375 -3119 0
39375 -3716 0
39375 -4442 0
39375 -5241 0
39375 -5731 0
39375 -6048 0
39375 -6579 0
39375 -6963 0
39375 -7209 0
39375 -7427 0
39375 -7609 0
39375 -7818 0
39375 -8054 0
39375 -8318 0
39375 -8609 0
39375 -8984 0
39375 -9444 0
39375 -9903 0
39375 -10362 0
39375 -10642 0
39375 -10742 0
43125 -102 0
43125 -259 0
43125 -557 0
43125 -827 0
43125 -1076 0
43125 -1533 0
43125 -2176 0
43125 -2771 0
43125 -3317 0
43125 -3827 0
43125 -4441 0
43125 -5160 0
43125 -5773 0
43125 -6078 0
43125 -6430 0
43125 -7034 0
43125 -7436 0
43125 -7639 0
43125 -7843 0
43125 -8047 0
43125 -8252 0
43125 -8631 0
43125 -9186 0
43125 -9739 0
43125 -10293 0
43125 -10620 0
43125 -10720 0
46875 -177 0
46875 -443 0
46875 -930 0
46875 -1346 0
46875 -1721 0
46875 -2182 0
46875 -2730 0
46875 -3253 0
46875 -3815 0
46875 -4422 0
46875 -4987 0
46875 -5511 0
46875 -6028 0
46875 -6296 0
46875 -6573 0
46875 -7123 0
46875 -7507 0
46875 -7757 0
46875 -8055 0
46875 -8372 0
46875 -8709 0
46875 -9205 0
46875 -9863 0
46875 -10520 0
46875 -11176 0
46875 -11555 0
46875 -11655 0
50625 -200 0
50625 -483 0
50625 -999 0
50625 -1436 0
50625 -1829 0
50625 -2262 0
50625 -2743 0
50625 -3206 0
50625 -3743 0
50625 -4354 0
50625 -4914 0
50625 -5424 0
50625 -5935 0
50625 -6407 0
50625 -6854 0
50625 -7187 0
50625 -7442 0
50625 -7749 0
50625 -8074 0
50625 -8417 0
50625 -8908 0
50625 -9548 0
50625 -10186 0
50625 -10825 0
50625 -11194 0
50625 -11294 0
54375 -200 0
54375 -459 0
54375 -934 0
54375 -1339 0
54375 -1705 0
54375 -2096 0
54375 -2519 0
54375 -2928 0
54375 -3421 0
54375 -4000 0
54375 -4576 0
54375 -5151 0
54375 -5693 0
54375 -6108 0
54375 -6432 0
54375 -6699 0
54375 -6940 0
54375 -7220 0
54375 -7508 0
54375 -7804 0
54375 -8237 0
54375 -8807 0
54375 -9375 0
54375 -9943 0
54375 -10277 0
54375 -10377 0
58125 -207 0
58125 -448 0
58125 -890 0
58125 -1270 0
58125 -1614 0
58125 -1963 0
58125 -2325 0
58125 -2677 0
58125 -3130 0
58125 -3678 0
58125 -4271 0
58125 -4906 0
58125 -5476 0
58125 -5837 0
58125 -6042 0
58125 -6245 0
58125 -6472 0
58125 -6721 0
58125 -6970 0
58125 -7219 0
58125 -7594 0
58125 -8096 0
58125 -8596 0
58125 -9096 0
58125 -9396 0
58125 -9496 0
61875 -432 0
61875 -808 0
61875 -1475 0
61875 -2022 0
61875 -2514 0
61875 -2880 0
61875 -3137 0
61875 -3393 0
61875 -3726 0
61875 -4133 0
61875 -4583 0
61875 -5070 0
61875 -5575 0
61875 -5945 0
61875 -6153 0
61875 -6360 0
61875 -6531 0
61875 -6668 0
61875 -6825 0
61875 -7000 0
61875 -7331 0
61875 -7817 0
61875 -8300 0
61875 -8782 0
61875 -9073 0
61875 -9173 0
65625 -762 0
65625 -1203 0
65625 -1977 0
65625 -2600 0
65625 -3166 0
65625 -3580 0
65625 -3856 0
65625 -4128 0
65625 -4467 0
65625 -4870 0
65625 -5322 0
65625 -5821 0
65625 -6332 0
65625 -6703 0
65625 -6911 0
65625 -7118 0
65625 -7279 0
65625 -7395 0
65625 -7537 0
65625 -7703 0
65625 -8017 0
65625 -8477 0
65625 -8936 0
65625 -9393 0
65625 -9671 0
65625 -9772 0
69375 -1098 0
69375 -1585 0
69375 -2462 0
69375 -3200 0
69375 -3877 0
69375 -4360 0
69375 -4669 0
69375 -4973 0
69375 -5350 0
69375 -5796 0
69375 -6310 0
69375 -6889 0
69375 -7437 0
69375 -7803 0
69375 -8010 0
69375 -8216 0
69375 -8397 0
69375 -8555 0
69375 -8737 0
69375 -8944 0
69375 -9250 0
69375 -9654 0
69375 -10057 0
69375 -10459 0
69375 -10710 0
69375 -10810 0
73125 -1366 0
73125 -1844 0
73125 -2702 0
73125 -3423 0
73125 -4083 0
73125 -4574 0
73125 -4915 0
73125 -5250 0
73125 -5664 0
73125 -6154 0
73125 -6732 0
73125 -7392 0
73125 -7977 0
73125 -8340 0
73125 -8545 0
73125 -8749 0
73125 -8971 0
73125 -9209 0
73125 -9471 0
73125 -9759 0
73125 -10053 0
73125 -10355 0
73125 -10656 0
73125 -10957 0
73125 -11157 0
73125 -11257 0
76875 -1366 0
76875 -1844 0
76875 -2702 0
76875 -3423 0
76875 -4083 0
76875 -4574 0
76875 -4915 0
76875 -5250 0
76875 -5664 0
76875 -6154 0
76875 -6732 0
76875 -7392 0
76875 -7977 0
76875 -8237 0
76875 -8340 0
76875 -8545 0
76875 -8749 0
76875 -8851 0
76875 -8971 0
76875 -9209 0
76875 -9471 0
76875 -9759 0
76875 -10053 0
76875 -10355 0
76875 -10656 0
76875 -10957 0
76875 -11157 0
76875 -11257 0
