450
3
973656 89755 -3609
973680 89644 -3609
973704 89866 -3609
973767 89537 -3609
973815 89971 -3609
973920 89438 -3609
973965 88401 -4059
973965 88401 -3884
973965 88401 -3709
973968 88401 -3694
973974 88401 -4103
973980 88401 -3679
973986 90066 -3609
973989 88401 -3670
973995 88401 -4148
974016 88400 -3653
974022 88951 -4059
974022 88951 -3709
974031 88951 -3731
974031 88951 -3686
974034 88400 -4191
974046 89751 -3809
974052 88950 -4148
974055 88400 -3638
974061 89670 -3809
974067 89378 -3709
974070 89374 -3696
974070 89380 -3714
974082 89368 -3679
974085 88400 -4232
974088 88950 -3771
974088 88950 -3646
974091 89846 -3809
974094 89393 -3748
974100 88399 -3625
974124 89352 -3649
974124 89591 -3809
974130 89351 -3609
974142 88949 -4232
974151 88399 -4271
974151 88399 -3616
974151 89409 -3777
974190 89331 -3627
974193 88949 -3799
974193 88949 -3618
974196 89749 -3234
974199 89936 -3809
974208 88398 -3610
974211 90148 -3609
974217 89666 -3234
974229 88398 -4308
974229 89518 -3809
974235 89832 -3234
974256 89430 -3800
974265 88397 -3609
974271 89308 -3613
974286 88948 -4308
974292 89586 -3234
974316 88397 -4341
974322 88947 -3809
974322 88947 -3609
974325 89910 -3234
974358 89286 -3609
974364 90015 -3809
974376 89453 -3809
974385 89280 -3609
974418 88396 -4371
974421 89514 -3234
974436 89746 -3609
974436 89746 -3234
974436 89746 -2959
974454 89676 -2959
974457 89671 -3234
974469 89816 -2959
974469 89979 -3234
974475 88945 -4371
974475 89821 -3234
974484 90213 -3609
974523 89609 -2959
974526 88394 -4397
974538 89601 -3234
974553 89881 -2959
974565 88394 -4059
974568 89889 -3234
974574 88394 -4090
974574 88394 -4027
974580 90079 -3809
974592 89453 -3234
974595 88394 -4120
974595 88394 -3997
974622 88944 -4059
974631 88393 -4149
974631 88393 -3968
974640 89550 -2959
974646 88393 -4419
974652 88943 -4120
974652 88943 -3997
974655 90035 -3234
974661 89744 -3609
974661 89744 -2959
974667 89539 -3234
974679 88393 -4176
974679 88393 -3941
974679 89227 -3609
974679 89686 -2959
974679 89937 -2959
974688 89674 -3609
974691 89801 -2959
974703 88943 -4419
974703 89813 -3609
974709 89947 -3234
974739 88942 -4176
974739 88942 -3941
974742 88392 -4200
974742 88392 -3917
974742 89631 -2959
974766 89854 -2959
974769 88392 -4436
974784 89610 -3609
974787 90258 -3609
974793 89502 -2959
974802 89407 -3234
974811 89874 -3609
974814 88391 -4220
974814 88391 -3897
974835 90126 -3809
974841 89491 -3234
974844 89982 -2959
974847 89585 -2959
974871 88941 -4220
974871 88941 -3897
974871 90077 -3234
974880 89898 -2959
974892 88390 -4237
974892 88390 -3880
974892 89991 -3234
974898 88390 -4449
974934 89560 -3609
974955 88940 -4449
974973 89920 -3609
974979 88389 -4249
974979 88389 -3868
974979 89468 -2959
974988 89549 -2959
975000 89196 -3609
975003 89427 -3079
975021 88389 -3864
975027 89930 -2959
975036 88939 -4249
975036 88939 -3868
975036 89377 -3234
975036 90012 -2959
975045 89459 -3234
975069 90052 -3079
975072 88388 -4256
975087 89456 -3397
975093 88388 -3860
975105 90018 -3234
975114 90101 -3234
975114 90151 -3809
975114 90282 -3609
975126 89452 -3563
975126 89530 -3609
975135 89529 -3562
975141 89451 -3581
975147 90021 -3398
975150 89528 -3580
975165 88387 -4459
975165 88387 -4259
975165 88387 -3859
975165 88387 -3609
975171 89946 -3609
975174 89450 -3595
975180 89525 -3595
975180 89947 -3563
975186 88387 -4458
975186 90023 -3563
975186 90024 -3563
975195 90024 -3575
975204 89448 -3603
975213 90024 -3586
975222 88937 -4459
975222 88937 -4259
975222 88937 -3859
975222 88937 -3809
975222 89949 -3593
975228 89523 -3605
975240 89447 -3607
975264 89951 -3604
975267 90026 -3603
975285 89521 -3609
975294 89446 -3608
975318 89951 -3608
975330 89951 -3609
975330 89953 -3640
975330 89961 -3670
975330 89973 -3699
975333 88385 -4455
975333 89186 -3609
975333 89989 -3726
975336 89521 -3609
975336 90010 -3750
975336 90026 -3609
975339 89521 -3605
975339 90033 -3770
975339 90060 -3787
975342 90089 -3799
975345 88385 -4259
975348 89447 -3603
975348 90121 -3806
975351 90156 -3809
975354 90181 -3806
975357 90206 -3799
975357 90228 -3787
975360 90248 -3770
975363 90264 -3751
975363 90276 -3728
975363 90283 -3704
975363 90286 -3679
975363 90286 -3644
975363 90286 -3609
975378 88935 -4455
975381 89950 -3609
975387 89523 -3595
975390 89448 -3591
975390 90025 -3605
975396 89949 -3603
975402 90155 -3809
975417 89449 -3575
975420 89525 -3580
975423 89449 -3569
975426 89449 -3563
975435 88384 -3859
975435 89525 -3562
975438 90023 -3595
975447 90284 -3609
975453 89945 -3586
975468 89451 -3397
975471 89944 -3575
975471 90021 -3581
975474 88383 -4445
975477 89943 -3563
975486 90020 -3563
975501 89372 -3234
975510 89454 -3234
975525 88383 -4259
975525 88383 -3859
975528 90017 -3397
975534 88383 -3879
975534 88933 -4445
975543 89421 -3079
975546 88383 -4252
975546 88383 -4237
975546 89536 -3609
975552 88382 -4221
975558 88382 -3899
975567 90013 -3234
975576 90095 -3234
975579 89461 -2959
975582 88932 -4259
975582 88932 -3859
975585 88382 -4205
975585 89542 -2959
975585 89930 -3609
975594 88382 -3915
975609 90045 -3079
975612 88932 -4221
975615 88932 -3899
975627 89923 -2959
975630 88382 -4192
975636 90005 -2959
975645 88381 -3928
975663 89199 -3609
975681 88381 -4184
975687 88931 -4192
975687 90137 -3809
975702 88381 -3936
975702 88931 -3928
975720 89481 -3234
975726 89573 -3609
975735 88380 -4179
975750 89580 -2959
975759 89889 -3609
975762 89399 -3234
975765 88380 -3939
975771 89981 -3234
975774 90264 -3609
975783 89881 -2959
975789 89495 -2959
975792 88380 -4179
975792 88930 -4179
975807 88380 -3937
975822 88930 -3939
975831 90062 -3234
975837 89966 -2959
975846 88379 -4183
975846 88379 -3934
975864 89627 -3609
975873 89633 -2959
975885 89832 -3609
975891 89826 -2959
975897 88378 -4192
975903 88929 -4183
975903 88929 -3934
975903 89525 -3234
975918 88378 -4069
975918 88378 -4049
975921 88378 -4045
975930 88378 -4081
975939 88378 -4204
975939 88378 -4032
975939 89693 -3609
975939 89696 -2959
975945 89764 -3609
975945 89933 -3234
975948 89762 -2959
975951 88378 -4091
975951 90097 -3809
975966 89547 -2959
975975 88378 -4400
975975 88928 -4069
975978 88378 -4099
975978 88928 -4045
975981 89234 -3609
975996 88928 -4204
975996 89446 -3234
976002 89910 -2959
976008 88377 -3914
976008 88928 -4091
976011 88377 -4105
976020 88377 -4011
976020 88927 -4022
976044 88377 -4204
976047 89583 -3234
976056 90009 -3234
976065 88377 -3609
976068 88927 -4105
976077 89872 -3234
976083 90221 -3609
976092 89612 -2959
976095 88927 -4009
976116 89841 -2959
976119 88376 -4012
976122 88376 -3610
976122 88926 -3809
976122 88926 -3609
976140 89652 -3234
976155 89801 -3234
976158 89265 -3609
976164 89687 -2959
976167 88375 -3895
976173 89765 -2959
976176 88926 -4012
976176 89432 -3809
976176 89726 -3609
976176 89726 -3234
976176 89726 -2959
976179 88375 -3616
976182 90038 -3809
976188 89511 -3234
976200 88375 -4130
976218 89422 -3807
976221 88375 -3886
976224 88925 -3895
976230 88375 -3625
976233 89940 -3234
976251 88925 -3799
976251 88925 -3618
976251 89285 -3613
976260 89413 -3804
976269 88374 -3874
976269 89290 -3609
976278 88374 -3638
976311 88374 -3858
976314 88374 -3653
976320 88374 -4039
976326 89590 -3234
976329 88924 -3874
976335 89306 -3627
976341 88373 -3840
976341 88373 -3670
976353 89858 -3234
976356 88923 -3771
976356 88923 -3646
976359 88373 -3823
976359 88373 -3689
976362 89506 -3809
976362 90159 -3609
976365 88373 -4204
976365 88373 -3809
976365 88373 -3759
976365 88373 -3709
976365 89389 -3785
976365 89964 -3809
976392 88373 -4155
976398 88923 -3840
976404 89326 -3648
976404 89678 -3234
976413 88923 -3731
976413 88923 -3686
976413 89769 -3234
976416 89723 -3234
976422 88923 -4204
976422 88923 -3801
976422 88923 -3709
976425 88372 -4194
976437 88372 -4173
976437 89368 -3752
976449 88922 -4155
976452 89340 -3679
976467 89350 -3709
976467 89353 -3716
976473 88372 -4356
976482 88922 -4194
976491 89592 -3809
976494 88922 -4172
976494 89877 -3809
976521 89364 -3609
976524 88371 -4065
976530 88921 -4356
976548 88371 -4347
976557 89686 -3809
976560 89783 -3809
976569 88371 -4072
976581 88921 -4065
976596 90080 -3609
976611 88370 -4080
976614 88370 -4334
976671 88369 -4096
976671 88920 -4334
976674 88369 -4318
976719 89453 -3609
976725 88369 -4298
976728 88369 -4118
976728 88919 -4096
976767 88368 -4276
976773 88368 -4143
976776 89986 -3609
976785 88919 -4298
976794 88368 -4251
976800 88368 -4171
976812 88368 -4226
976812 88368 -4200
976830 88918 -4143
976854 88918 -4251
976863 89553 -3609
976872 88917 -4200
976896 89882 -3609
976941 89661 -3609
976953 89773 -3609
