# title: Gramicidin A

# From jake@b.scs.uiuc.edu Fri Jun 14 15:01:07 1991
#> Below is a time-averaged molecular dynamics structure of gramicidin A,
#> a peptide that forms a channel for ion and water movement across lipid
#> membranes.  The major structural motif is a right-handed beta-bonded
#> helix.  The beta-bonded helix is made possible be the fact that the
#> amino acid sequence consists of alternate right- and left-handed amino
#> acids.  Gramicidin is an antibiotic.  It was the first clinically used
#> antibiotic, preceding penicillin.  It is a useful model system for
#> molecular biophysicists, since it is by far the smallest molecule
#> that forms ion channels, which are a biologically very important class
#> of molecules.
#
# --Ernst <mucke@cs.uiuc.edu>

# [n = 318, int coordinates]
-27500 -24800 -03200
-31900 -18800 -20200
-31000 -17300 -08500
-34600 -06500 -02200
-33600 -05700 07400
-39900 05400 -08800
-54200 08000 -04600
-63300 -03800 -07200
-60200 19700 -11800
-31000 17200 -05500
-28900 20400 05900
-25900 23400 -15800
-27400 19900 -24800
-17600 35400 -15100
-05300 34500 -23900
-06100 34600 -35700
06100 33700 -17600
06200 33100 -07900
19200 33200 -24100
27400 45100 -19700
26600 20300 -21000
27400 16000 -09800
31900 14200 -31400
30200 17500 -40400
39300 01600 -30600
54000 04200 -33300
62800 -07400 -30000
64600 -09200 -15700
76000 -06200 -36400
33500 -08800 -40000
33600 -07300 -52000
27900 -19000 -33900
27700 -19400 -24100
21500 -30200 -40800
28900 -43000 -37200
06800 -31400 -37200
03000 -30600 -25700
-01200 -33400 -47500
02100 -32800 -56600
-15700 -35300 -46200
-19800 -49600 -48900
-12800 -59400 -40000
-34500 -51800 -47100
-23000 -25400 -55200
-22200 -25900 -67300
-29900 -16300 -48700
-29500 -16000 -39000
-38400 -06200 -54800
-52500 -08000 -49500
-58600 -20900 -54200
-62200 03000 -52800
-32700 07600 -51900
-30200 11100 -40600
-30900 15400 -62400
-32000 11900 -71500
-25900 29100 -61600
-36600 39200 -65100
-48600 38200 -56000
-31700 53400 -64100
-13300 30800 -70100
-13500 29800 -82100
-02600 33700 -63200
-03100 33500 -53500
10400 37400 -68700
15100 49500 -60800
27900 56000 -65700
28400 66400 -73500
40800 53100 -62000
40800 70300 -75000
43700 77700 -80300
48700 62400 -68100
46500 43700 -53800
62400 62300 -66300
60100 43700 -51900
67900 52900 -58100
20400 25900 -67500
22600 20500 -56800
25900 22100 -78800
22400 25200 -87400
36700 12200 -79600
48900 19000 -85700
61300 10400 -85700
67100 08700 -72100
71500 16200 -94800
32600 -00200 -87500
30700 00200 -99400
31000 -11000 -80200
31500 -10600 -70500
28000 -24200 -86000
37600 -34300 -80100
36300 -48200 -86300
41100 -51700 -97800
29000 -58800 -81500
37200 -63900-100700
39000 -68500-108900
29800 -68600 -90900
22000 -61000 -70000
23500 -80700 -89100
15700 -73100 -68100
16500 -82800 -77600
13500 -28400 -83800
08400 -28100 -72900
07400 -32600 -94700
11800 -32300-103200
-06200 -37900 -94800
-05700 -52200-100100
-18800 -59500 -99400
-22200 -63900 -86000
-18900 -71000-108200
-15600 -29200-103000
-14600 -28300-115000
-24600 -22700 -95900
-24500 -23000 -86200
-35200 -14500-101900
-48700 -19400 -97100
-60300 -12900-104300
-64600 -16200-116100
-67700 -02000-100300
-74100 -08000-119900
-78500 -08200-128400
-76300 00800-110500
-67800 05600 -89000
-85100 11300-109600
-76600 16100 -88100
-85200 18900 -98300
-33400 00300 -99200
-31700 04500 -88000
-34600 08000-109800
-36300 04100-118500
-33800 22600-109600
-46600 28100-115400
-48100 43000-114100
-52000 47300-101000
-57600 48200-123500
-21600 27500-117300
-20300 25300-128800
-12500 33400-110100
-13100 33400-100500
-00300 39400-115700
02800 52200-108300
13400 60600-115100
11000 69700-124000
27000 60200-113300
22300 75000-128000
23100 81700-134700
32300 69500-121600
35300 52800-105500
45800 71600-122300
48900 54800-106200
54100 64100-114500
11400 29700-114800
14500 25000-104200
17300 27300-126000
14300 31200-134100
28700 18500-127400
36200 17600-134000
37200 22500-133400
46900 09400-134900
48900 07800-137100
-15000 -31500 03100
-07900 -34300 19900
-06800 -32800 08300
04600 -33200 02000
05000 -32000 -07600
17500 -35000 08400
24100 -47800 04100
15700 -59800 06300
36900 -50200 11100
26100 -22900 05300
28600 -19800 -06000
30300 -16200 15800
27400 -18700 24700
39200 -04600 15200
34400 06800 24000
35400 06300 35700
29300 17000 17800
28400 16800 08100
24400 29200 24300
33000 40900 20100
09800 31900 21100
05700 31400 09800
02200 34700 31400
05800 34300 40500
-12100 37600 30500
-14500 52400 33200
-28500 56900 29900
-31000 57700 15600
-31500 69800 36000
-20100 28800 39900
-18700 29300 51900
-27900 20200 33800
-28100 19800 24100
-36600 10600 40700
-51000 13600 37200
-33100 -03800 37000
-31200 -07000 25500
-32400 -12100 47200
-33000 -08800 56400
-29300 -26300 45800
-41500 -35000 48300
-53100 -31500 39600
-38900 -49400 46100
-17700 -30000 54900
-18600 -29900 66900
-06700 -33100 48400
-06400 -32200 38800
05700 -37800 54600
08800 -51700 49300
-01400 -61700 53900
22200 -57100 53000
16800 -27700 51600
19200 -24300 40200
23600 -23600 62100
21000 -26100 71200
34900 -14300 61200
48100 -21000 64500
51000 -32500 55300
59800 -11700 63600
32400 -02000 69900
31200 -02800 81800
31900 09200 63100
32100 08900 53500
31000 22600 68900
41100 31200 61400
42800 45300 66700
51900 49000 75200
35900 56600 62900
51100 62000 77300
56700 67000 83300
41400 67000 69900
25700 59000 54100
36800 79800 68300
21100 71900 52500
26600 82100 59500
16900 28300 67600
11400 28900 56800
11300 32000 78900
15100 29500 87500
-01600 38900 79600
00700 52700 85400
-11500 61500 85300
-14800 66600 71900
-09800 72800 94500
-11900 30900 87500
-11100 29600 99500
-21400 25500 80300
-21200 25900 70500
-32800 18300 86100
-45700 24300 80800
-58200 18300 87100
-62500 20800 99200
-66000 08100 82100
-72500 12700 102100
-76800 12200 110700
-74900 04800 92000
-66300 01500 70100
-84300 -05100 90000
-75600 -08500 68200
-84500 -11700 78100
-32200 03300 83700
-31000 -01300 72600
-33900 -04000 94500
-34700 00200 103200
-34600 -18600 94500
-48200 -22700 99800
-50900 -37500 99100
-53700 -42300 85600
-62100 -41100 107800
-23300 -24700 102800
-23000 -23600 114800
-13900 -30700 95800
-13900 -30400 86100
-02800 -38000 101900
-03200 -52400 97500
06700 -61200 104800
05300 -65700 117000
19200 -65000 100700
16300 -71800 120800
17900 -75300 129600
25000 -71700 111100
26100 -63400 89000
37700 -76800 110100
38800 -68500 88000
44600 -75100 98400
10800 -31700 98900
14400 -29500 87600
18400 -30000 109500
15100 -32300 118200
32000 -24600 109100
41400 -35100 114600
56000 -31700 113300
61000 -33700 99800
64100 -39500 122600
33000 -11600 117000
31800 -11300 129000
34500 -00800 109700
34000 -01200 100000
36100 12700 115300
46700 20200 107400
51300 32900 114300
61600 33600 122300
46000 45500 113500
63000 45900 126500
69600 48800 132800
53700 53500 121300
35300 50900 106900
51000 66900 122700
32500 64300 108300
40300 72200 116100
22900 20100 115000
17400 22600 104600
18300 23500 126500
23300 21600 134300
05700 30200 128700
03900 39200 135300
08400 42900 132600
-08100 45400 137100
-10800 45200 139900
