9600
3
0 119 7      
1 119 27
2 119 32
3 119 58
4 119 31
5 119 27
6 119 3
7 119 9
8 119 18
9 119 12
10 119 15
11 119 22
12 119 25
13 119 30
14 119 7
15 119 15
16 119 6
17 119 12
18 119 8
19 119 12
20 119 8
21 119 6
22 119 5
23 119 4
24 119 8
25 119 5
26 119 66
27 119 74
28 119 54
29 119 20
30 119 18
31 119 30
32 119 11
33 119 6
34 119 3
35 119 7
36 119 6
37 119 13
38 119 11
39 119 9
40 119 23
41 119 18
42 119 13
43 119 7
44 119 7
45 119 12
46 119 15
47 119 11
48 119 7
49 119 9
50 119 8
51 119 10
52 119 24
53 119 9
54 119 6
55 119 15
56 119 15
57 119 16
58 119 9
59 119 12
60 119 5
61 119 1
62 119 13
63 119 9
64 119 5
65 119 12
66 119 11
67 119 4
68 119 16
69 119 16
70 119 24
71 119 7
72 119 15
73 119 6
74 119 9
75 119 13
76 119 10
77 119 19
78 119 29
79 119 8
80 119 23
81 119 20
82 119 18
83 119 5
84 119 3
85 119 13
86 119 10
87 119 14
88 119 12
89 119 12
90 119 14
91 119 19
92 119 18
93 119 10
94 119 5
95 119 20
96 119 10
97 119 4
98 119 5
99 119 10
100 119 5
101 119 6
102 119 3
103 119 18
104 119 29
105 119 40
106 119 42
107 119 46
108 119 26
109 119 19
110 119 17
111 119 8
112 119 14
113 119 15
114 119 19
115 119 5
116 119 10
117 119 13
118 119 4
119 119 10
0 118 49
1 118 51
2 118 40
3 118 5
4 118 14
5 118 15
6 118 11
7 118 11
8 118 8
9 118 13
10 118 15
11 118 9
12 118 11
13 118 19
14 118 4
15 118 7
16 118 2
17 118 12
18 118 20
19 118 12
20 118 7
21 118 18
22 118 18
23 118 21
24 118 11
25 118 5
26 118 9
27 118 7
28 118 5
29 118 16
30 118 9
31 118 11
32 118 20
33 118 25
34 118 13
35 118 8
36 118 21
37 118 1
38 118 20
39 118 9
40 118 6
41 118 11
42 118 1
43 118 2
44 118 10
45 118 24
46 118 14
47 118 2
48 118 13
49 118 13
50 118 13
51 118 16
52 118 1
53 118 1
54 118 14
55 118 5
56 118 9
57 118 13
58 118 15
59 118 12
60 118 10
61 118 13
62 118 1
63 118 3
64 118 10
65 118 15
66 118 8
67 118 6
68 118 19
69 118 14
70 118 9
71 118 8
72 118 21
73 118 12
74 118 4
75 118 8
76 118 2
77 118 10
78 118 3
79 118 5
80 118 7
81 118 20
82 118 1
83 118 13
84 118 15
85 118 8
86 118 16
87 118 10
88 118 14
89 118 38
90 118 54
91 118 43
92 118 40
93 118 32
94 118 30
95 118 29
96 118 15
97 118 7
98 118 12
99 118 14
100 118 16
101 118 11
102 118 10
103 118 10
104 118 5
105 118 10
106 118 20
107 118 21
108 118 50
109 118 53
110 118 60
111 118 37
112 118 29
113 118 15
114 118 26
115 118 9
116 118 7
117 118 12
118 118 16
119 118 9
0 117 34
1 117 15
2 117 8
3 117 5
4 117 11
5 117 8
6 117 11
7 117 19
8 117 15
9 117 15
10 117 10
11 117 15
12 117 5
13 117 12
14 117 3
15 117 7
16 117 8
17 117 25
18 117 13
19 117 7
20 117 7
21 117 15
22 117 13
23 117 13
24 117 12
25 117 14
26 117 5
27 117 21
28 117 5
29 117 4
30 117 6
31 117 12
32 117 12
33 117 14
34 117 6
35 117 13
36 117 6
37 117 8
38 117 15
39 117 17
40 117 14
41 117 7
42 117 1
43 117 6
44 117 3
45 117 11
46 117 5
47 117 2
48 117 8
49 117 13
50 117 4
51 117 5
52 117 5
53 117 24
54 117 5
55 117 7
56 117 5
57 117 8
58 117 14
59 117 6
60 117 10
61 117 7
62 117 10
63 117 9
64 117 12
65 117 15
66 117 18
67 117 9
68 117 16
69 117 4
70 117 18
71 117 14
72 117 5
73 117 21
74 117 34
75 117 7
76 117 22
77 117 5
78 117 15
79 117 2
80 117 8
81 117 6
82 117 5
83 117 17
84 117 9
85 117 9
86 117 6
87 117 10
88 117 12
89 117 7
90 117 27
91 117 52
92 117 68
93 117 95
94 117 102
95 117 84
96 117 74
97 117 61
98 117 61
99 117 47
100 117 21
101 117 18
102 117 9
103 117 24
104 117 24
105 117 15
106 117 5
107 117 11
108 117 23
109 117 41
110 117 50
111 117 54
112 117 59
113 117 37
114 117 15
115 117 14
116 117 4
117 117 24
118 117 3
119 117 7
0 116 5
1 116 13
2 116 8
3 116 13
4 116 5
5 116 8
6 116 6
7 116 6
8 116 15
9 116 13
10 116 3
11 116 4
12 116 23
13 116 5
14 116 12
15 116 17
16 116 10
17 116 9
18 116 5
19 116 9
20 116 4
21 116 10
22 116 13
23 116 9
24 116 5
25 116 5
26 116 2
27 116 18
28 116 18
29 116 8
30 116 15
31 116 10
32 116 15
33 116 12
34 116 8
35 116 5
36 116 1
37 116 1
38 116 6
39 116 9
40 116 4
41 116 14
42 116 11
43 116 18
44 116 1
45 116 16
46 116 9
47 116 8
48 116 12
49 116 17
50 116 17
51 116 9
52 116 13
53 116 4
54 116 12
55 116 21
56 116 15
57 116 6
58 116 9
59 116 7
60 116 23
61 116 7
62 116 14
63 116 9
64 116 16
65 116 12
66 116 8
67 116 13
68 116 3
69 116 14
70 116 8
71 116 21
72 116 16
73 116 4
74 116 14
75 116 18
76 116 4
77 116 10
78 116 12
79 116 3
80 116 17
81 116 23
82 116 18
83 116 22
84 116 6
85 116 19
86 116 12
87 116 11
88 116 3
89 116 12
90 116 5
91 116 3
92 116 10
93 116 54
94 116 88
95 116 82
96 116 83
97 116 74
98 116 74
99 116 58
100 116 25
101 116 6
102 116 14
103 116 22
104 116 22
105 116 11
106 116 13
107 116 24
108 116 11
109 116 25
110 116 17
111 116 17
112 116 54
113 116 52
114 116 40
115 116 35
116 116 37
117 116 13
118 116 20
119 116 16
0 115 9
1 115 4
2 115 18
3 115 9
4 115 2
5 115 14
6 115 14
7 115 13
8 115 12
9 115 6
10 115 13
11 115 13
12 115 16
13 115 28
14 115 7
15 115 17
16 115 26
17 115 4
18 115 9
19 115 8
20 115 7
21 115 12
22 115 14
23 115 16
24 115 12
25 115 12
26 115 8
27 115 10
28 115 14
29 115 22
30 115 3
31 115 14
32 115 7
33 115 5
34 115 0
35 115 6
36 115 6
37 115 15
38 115 19
39 115 17
40 115 15
41 115 11
42 115 10
43 115 22
44 115 31
45 115 22
46 115 18
47 115 14
48 115 14
49 115 16
50 115 13
51 115 13
52 115 7
53 115 8
54 115 13
55 115 18
56 115 30
57 115 14
58 115 5
59 115 2
60 115 13
61 115 2
62 115 8
63 115 6
64 115 9
65 115 11
66 115 3
67 115 28
68 115 12
69 115 11
70 115 15
71 115 2
72 115 14
73 115 5
74 115 15
75 115 11
76 115 7
77 115 8
78 115 6
79 115 6
80 115 2
81 115 9
82 115 8
83 115 22
84 115 7
85 115 3
86 115 16
87 115 18
88 115 20
89 115 9
90 115 2
91 115 12
92 115 9
93 115 19
94 115 15
95 115 41
96 115 78
97 115 95
98 115 72
99 115 36
100 115 10
101 115 3
102 115 10
103 115 10
104 115 10
105 115 27
106 115 14
107 115 11
108 115 20
109 115 6
110 115 11
111 115 23
112 115 16
113 115 41
114 115 52
115 115 45
116 115 59
117 115 58
118 115 37
119 115 26
0 114 10
1 114 11
2 114 5
3 114 5
4 114 12
5 114 20
6 114 12
7 114 28
8 114 7
9 114 29
10 114 16
11 114 18
12 114 13
13 114 12
14 114 3
15 114 12
16 114 11
17 114 10
18 114 16
19 114 15
20 114 15
21 114 14
22 114 13
23 114 17
24 114 18
25 114 7
26 114 4
27 114 10
28 114 20
29 114 12
30 114 23
31 114 6
32 114 1
33 114 10
34 114 11
35 114 19
36 114 0
37 114 10
38 114 27
39 114 22
40 114 24
41 114 1
42 114 12
43 114 30
44 114 37
45 114 46
46 114 61
47 114 68
48 114 73
49 114 86
50 114 74
51 114 74
52 114 97
53 114 74
54 114 73
55 114 55
56 114 4
57 114 8
58 114 25
59 114 12
60 114 19
61 114 5
62 114 5
63 114 23
64 114 9
65 114 9
66 114 15
67 114 10
68 114 20
69 114 5
70 114 13
71 114 8
72 114 1
73 114 16
74 114 24
75 114 19
76 114 15
77 114 14
78 114 19
79 114 16
80 114 18
81 114 18
82 114 16
83 114 3
84 114 6
85 114 7
86 114 3
87 114 4
88 114 21
89 114 6
90 114 11
91 114 17
92 114 6
93 114 5
94 114 16
95 114 18
96 114 30
97 114 27
98 114 16
99 114 9
100 114 15
101 114 20
102 114 17
103 114 17
104 114 17
105 114 22
106 114 32
107 114 18
108 114 17
109 114 19
110 114 17
111 114 5
112 114 13
113 114 4
114 114 17
115 114 19
116 114 42
117 114 67
118 114 60
119 114 36
0 113 11
1 113 1
2 113 12
3 113 6
4 113 6
5 113 4
6 113 1
7 113 11
8 113 7
9 113 19
10 113 22
11 113 15
12 113 6
13 113 13
14 113 27
15 113 12
16 113 20
17 113 10
18 113 23
19 113 19
20 113 6
21 113 9
22 113 7
23 113 3
24 113 17
25 113 20
26 113 11
27 113 18
28 113 15
29 113 17
30 113 6
31 113 16
32 113 17
33 113 6
34 113 21
35 113 23
36 113 7
37 113 11
38 113 24
39 113 47
40 113 63
41 113 81
42 113 97
43 113 103
44 113 99
45 113 98
46 113 96
47 113 107
48 113 103
49 113 94
50 113 92
51 113 94
52 113 93
53 113 83
54 113 87
55 113 110
56 113 90
57 113 44
58 113 27
59 113 44
60 113 23
61 113 17
62 113 22
63 113 27
64 113 19
65 113 22
66 113 5
67 113 24
68 113 40
69 113 42
70 113 50
71 113 56
72 113 65
73 113 57
74 113 29
75 113 24
76 113 10
77 113 7
78 113 4
79 113 14
80 113 21
81 113 22
82 113 4
83 113 16
84 113 3
85 113 6
86 113 24
87 113 14
88 113 4
89 113 9
90 113 10
91 113 12
92 113 13
93 113 5
94 113 11
95 113 7
96 113 3
97 113 18
98 113 20
99 113 4
100 113 26
101 113 17
102 113 18
103 113 2
104 113 11
105 113 8
106 113 22
107 113 17
108 113 19
109 113 21
110 113 5
111 113 7
112 113 3
113 113 3
114 113 23
115 113 42
116 113 32
117 113 23
118 113 39
119 113 52
0 112 2
1 112 11
2 112 13
3 112 9
4 112 13
5 112 13
6 112 8
7 112 18
8 112 14
9 112 9
10 112 9
11 112 9
12 112 13
13 112 14
14 112 15
15 112 13
16 112 7
17 112 22
18 112 14
19 112 9
20 112 5
21 112 14
22 112 14
23 112 5
24 112 19
25 112 8
26 112 17
27 112 5
28 112 10
29 112 6
30 112 8
31 112 29
32 112 23
33 112 10
34 112 31
35 112 63
36 112 81
37 112 86
38 112 108
39 112 90
40 112 92
41 112 81
42 112 82
43 112 103
44 112 82
45 112 84
46 112 90
47 112 99
48 112 94
49 112 83
50 112 88
51 112 86
52 112 75
53 112 88
54 112 102
55 112 67
56 112 111
57 112 103
58 112 51
59 112 28
60 112 41
61 112 23
62 112 31
63 112 49
64 112 33
65 112 125
66 112 104
67 112 83
68 112 95
69 112 92
70 112 87
71 112 89
72 112 83
73 112 99
74 112 117
75 112 97
76 112 100
77 112 87
78 112 60
79 112 37
80 112 12
81 112 11
82 112 2
83 112 10
84 112 16
85 112 35
86 112 14
87 112 6
88 112 8
89 112 26
90 112 8
91 112 15
92 112 11
93 112 2
94 112 5
95 112 14
96 112 9
97 112 6
98 112 1
99 112 10
100 112 9
101 112 10
102 112 26
103 112 31
104 112 25
105 112 17
106 112 9
107 112 16
108 112 20
109 112 12
110 112 16
111 112 25
112 112 20
113 112 11
114 112 27
115 112 7
116 112 18
117 112 24
118 112 25
119 112 31
0 111 15
1 111 12
2 111 20
3 111 8
4 111 9
5 111 7
6 111 16
7 111 7
8 111 1
9 111 9
10 111 2
11 111 18
12 111 10
13 111 12
14 111 8
15 111 17
16 111 9
17 111 9
18 111 15
19 111 18
20 111 9
21 111 4
22 111 9
23 111 7
24 111 15
25 111 10
26 111 3
27 111 7
28 111 11
29 111 27
30 111 7
31 111 9
32 111 54
33 111 102
34 111 92
35 111 94
36 111 87
37 111 90
38 111 88
39 111 81
40 111 100
41 111 88
42 111 96
43 111 102
44 111 107
45 111 96
46 111 91
47 111 87
48 111 84
49 111 86
50 111 100
51 111 79
52 111 77
53 111 81
54 111 80
55 111 100
56 111 73
57 111 111
58 111 201
59 111 92
60 111 46
61 111 55
62 111 32
63 111 119
64 111 162
65 111 113
66 111 71
67 111 84
68 111 91
69 111 92
70 111 93
71 111 86
72 111 97
73 111 92
74 111 78
75 111 120
76 111 94
77 111 90
78 111 105
79 111 126
80 111 93
81 111 73
82 111 33
83 111 6
84 111 1
85 111 22
86 111 14
87 111 17
88 111 12
89 111 15
90 111 10
91 111 17
92 111 29
93 111 21
94 111 12
95 111 7
96 111 6
97 111 13
98 111 9
99 111 14
100 111 2
101 111 8
102 111 4
103 111 11
104 111 14
105 111 27
106 111 8
107 111 26
108 111 12
109 111 19
110 111 19
111 111 21
112 111 18
113 111 29
114 111 20
115 111 23
116 111 15
117 111 23
118 111 26
119 111 25
0 110 8
1 110 17
2 110 9
3 110 9
4 110 13
5 110 5
6 110 17
7 110 6
8 110 5
9 110 16
10 110 5
11 110 10
12 110 17
13 110 3
14 110 2
15 110 8
16 110 9
17 110 7
18 110 13
19 110 8
20 110 8
21 110 20
22 110 16
23 110 13
24 110 22
25 110 11
26 110 22
27 110 37
28 110 1
29 110 51
30 110 79
31 110 89
32 110 86
33 110 73
34 110 78
35 110 76
36 110 75
37 110 93
38 110 104
39 110 86
40 110 95
41 110 98
42 110 93
43 110 108
44 110 91
45 110 82
46 110 84
47 110 88
48 110 93
49 110 92
50 110 98
51 110 89
52 110 69
53 110 66
54 110 62
55 110 75
56 110 78
57 110 81
58 110 133
59 110 145
60 110 98
61 110 82
62 110 182
63 110 183
64 110 102
65 110 75
66 110 88
67 110 86
68 110 109
69 110 91
70 110 94
71 110 81
72 110 94
73 110 102
74 110 107
75 110 103
76 110 110
77 110 104
78 110 91
79 110 115
80 110 102
81 110 114
82 110 117
83 110 84
84 110 78
85 110 56
86 110 12
87 110 9
88 110 17
89 110 12
90 110 20
91 110 26
92 110 13
93 110 10
94 110 13
95 110 5
96 110 20
97 110 9
98 110 16
99 110 20
100 110 10
101 110 12
102 110 8
103 110 20
104 110 21
105 110 12
106 110 20
107 110 25
108 110 27
109 110 19
110 110 14
111 110 9
112 110 19
113 110 32
114 110 29
115 110 30
116 110 26
117 110 29
118 110 20
119 110 13
0 109 8
1 109 17
2 109 7
3 109 6
4 109 13
5 109 6
6 109 15
7 109 6
8 109 15
9 109 13
10 109 18
11 109 8
12 109 14
13 109 13
14 109 11
15 109 15
16 109 17
17 109 10
18 109 8
19 109 5
20 109 15
21 109 14
22 109 8
23 109 8
24 109 19
25 109 32
26 109 25
27 109 50
28 109 93
29 109 94
30 109 67
31 109 91
32 109 82
33 109 86
34 109 86
35 109 90
36 109 77
37 109 89
38 109 80
39 109 74
40 109 78
41 109 105
42 109 93
43 109 80
44 109 95
45 109 84
46 109 100
47 109 84
48 109 103
49 109 87
50 109 85
51 109 76
52 109 86
53 109 78
54 109 72
55 109 79
56 109 84
57 109 93
58 109 89
59 109 96
60 109 162
61 109 225
62 109 101
63 109 70
64 109 89
65 109 102
66 109 91
67 109 82
68 109 86
69 109 91
70 109 83
71 109 96
72 109 98
73 109 88
74 109 88
75 109 101
76 109 79
77 109 105
78 109 111
79 109 108
80 109 106
81 109 115
82 109 94
83 109 106
84 109 119
85 109 121
86 109 96
87 109 89
88 109 54
89 109 9
90 109 15
91 109 9
92 109 15
93 109 2
94 109 16
95 109 20
96 109 12
97 109 24
98 109 20
99 109 19
100 109 15
101 109 31
102 109 14
103 109 30
104 109 20
105 109 9
106 109 11
107 109 15
108 109 17
109 109 24
110 109 23
111 109 37
112 109 12
113 109 33
114 109 24
115 109 44
116 109 51
117 109 35
118 109 39
119 109 25
0 108 7
1 108 12
2 108 6
3 108 12
4 108 2
5 108 5
6 108 11
7 108 16
8 108 3
9 108 17
10 108 9
11 108 8
12 108 9
13 108 4
14 108 0
15 108 5
16 108 7
17 108 8
18 108 10
19 108 8
20 108 5
21 108 11
22 108 7
23 108 36
24 108 27
25 108 22
26 108 105
27 108 101
28 108 88
29 108 89
30 108 88
31 108 98
32 108 83
33 108 85
34 108 82
35 108 89
36 108 90
37 108 87
38 108 88
39 108 86
40 108 75
41 108 79
42 108 75
43 108 89
44 108 77
45 108 99
46 108 96
47 108 90
48 108 103
49 108 99
50 108 99
51 108 91
52 108 81
53 108 82
54 108 56
55 108 75
56 108 81
57 108 91
58 108 79
59 108 91
60 108 134
61 108 133
62 108 92
63 108 90
64 108 84
65 108 62
66 108 85
67 108 98
68 108 85
69 108 77
70 108 103
71 108 92
72 108 100
73 108 104
74 108 100
75 108 99
76 108 100
77 108 96
78 108 107
79 108 102
80 108 94
81 108 110
82 108 116
83 108 110
84 108 101
85 108 98
86 108 108
87 108 121
88 108 147
89 108 111
90 108 60
91 108 21
92 108 12
93 108 19
94 108 22
95 108 2
96 108 7
97 108 17
98 108 6
99 108 11
100 108 21
101 108 9
102 108 10
103 108 21
104 108 29
105 108 32
106 108 26
107 108 28
108 108 22
109 108 19
110 108 17
111 108 27
112 108 36
113 108 40
114 108 29
115 108 26
116 108 37
117 108 25
118 108 27
119 108 35
0 107 18
1 107 11
2 107 9
3 107 12
4 107 21
5 107 8
6 107 12
7 107 10
8 107 10
9 107 8
10 107 12
11 107 6
12 107 6
13 107 10
14 107 7
15 107 6
16 107 17
17 107 14
18 107 12
19 107 8
20 107 8
21 107 9
22 107 29
23 107 37
24 107 59
25 107 126
26 107 96
27 107 91
28 107 85
29 107 91
30 107 100
31 107 68
32 107 83
33 107 81
34 107 88
35 107 72
36 107 91
37 107 73
38 107 80
39 107 76
40 107 93
41 107 94
42 107 98
43 107 97
44 107 98
45 107 100
46 107 87
47 107 95
48 107 97
49 107 101
50 107 76
51 107 68
52 107 68
53 107 75
54 107 82
55 107 68
56 107 78
57 107 62
58 107 75
59 107 90
60 107 113
61 107 118
62 107 80
63 107 66
64 107 77
65 107 81
66 107 69
67 107 80
68 107 83
69 107 106
70 107 95
71 107 83
72 107 105
73 107 106
74 107 78
75 107 103
76 107 97
77 107 109
78 107 105
79 107 91
80 107 85
81 107 94
82 107 88
83 107 116
84 107 100
85 107 106
86 107 122
87 107 86
88 107 109
89 107 119
90 107 129
91 107 108
92 107 76
93 107 26
94 107 13
95 107 33
96 107 33
97 107 22
98 107 7
99 107 16
100 107 10
101 107 21
102 107 12
103 107 29
104 107 29
105 107 36
106 107 27
107 107 35
108 107 30
109 107 35
110 107 30
111 107 16
112 107 36
113 107 32
114 107 42
115 107 30
116 107 18
117 107 36
118 107 14
119 107 25
0 106 14
1 106 20
2 106 8
3 106 21
4 106 20
5 106 17
6 106 9
7 106 16
8 106 8
9 106 19
10 106 19
11 106 14
12 106 18
13 106 14
14 106 8
15 106 6
16 106 16
17 106 12
18 106 3
19 106 8
20 106 2
21 106 39
22 106 16
23 106 87
24 106 136
25 106 89
26 106 84
27 106 97
28 106 84
29 106 75
30 106 93
31 106 90
32 106 77
33 106 87
34 106 89
35 106 86
36 106 86
37 106 82
38 106 94
39 106 93
40 106 96
41 106 56
42 106 60
43 106 88
44 106 67
45 106 66
46 106 71
47 106 75
48 106 88
49 106 67
50 106 83
51 106 64
52 106 73
53 106 75
54 106 79
55 106 84
56 106 78
57 106 65
58 106 77
59 106 78
60 106 132
61 106 113
62 106 72
63 106 83
64 106 73
65 106 76
66 106 89
67 106 91
68 106 76
69 106 74
70 106 70
71 106 82
72 106 89
73 106 116
74 106 102
75 106 103
76 106 105
77 106 96
78 106 96
79 106 105
80 106 109
81 106 110
82 106 113
83 106 100
84 106 88
85 106 94
86 106 116
87 106 115
88 106 118
89 106 96
90 106 89
91 106 107
92 106 130
93 106 113
94 106 50
95 106 6
96 106 17
97 106 31
98 106 21
99 106 1
100 106 9
101 106 13
102 106 33
103 106 21
104 106 23
105 106 26
106 106 27
107 106 31
108 106 30
109 106 34
110 106 30
111 106 27
112 106 33
113 106 16
114 106 17
115 106 48
116 106 26
117 106 31
118 106 20
119 106 10
0 105 4
1 105 12
2 105 5
3 105 24
4 105 19
5 105 4
6 105 21
7 105 8
8 105 3
9 105 14
10 105 13
11 105 8
12 105 10
13 105 1
14 105 6
15 105 8
16 105 10
17 105 9
18 105 7
19 105 19
20 105 39
21 105 9
22 105 88
23 105 142
24 105 86
25 105 87
26 105 79
27 105 83
28 105 91
29 105 86
30 105 77
31 105 90
32 105 68
33 105 77
34 105 89
35 105 105
36 105 73
37 105 94
38 105 68
39 105 55
40 105 53
41 105 69
42 105 90
43 105 58
44 105 49
45 105 57
46 105 38
47 105 67
48 105 59
49 105 69
50 105 66
51 105 66
52 105 68
53 105 56
54 105 70
55 105 80
56 105 75
57 105 88
58 105 89
59 105 90
60 105 129
61 105 93
62 105 68
63 105 75
64 105 87
65 105 84
66 105 75
67 105 68
68 105 95
69 105 84
70 105 67
71 105 85
72 105 74
73 105 84
74 105 102
75 105 108
76 105 107
77 105 101
78 105 97
79 105 106
80 105 100
81 105 89
82 105 102
83 105 98
84 105 93
85 105 114
86 105 111
87 105 93
88 105 103
89 105 107
90 105 95
91 105 104
92 105 113
93 105 107
94 105 116
95 105 97
96 105 43
97 105 18
98 105 23
99 105 18
100 105 10
101 105 12
102 105 14
103 105 28
104 105 19
105 105 24
106 105 43
107 105 40
108 105 28
109 105 34
110 105 33
111 105 31
112 105 26
113 105 18
114 105 15
115 105 27
116 105 14
117 105 30
118 105 19
119 105 33
0 104 4
1 104 20
2 104 13
3 104 15
4 104 27
5 104 17
6 104 21
7 104 7
8 104 3
9 104 8
10 104 2
11 104 9
12 104 14
13 104 9
14 104 7
15 104 7
16 104 22
17 104 15
18 104 16
19 104 24
20 104 18
21 104 76
22 104 154
23 104 95
24 104 92
25 104 92
26 104 82
27 104 86
28 104 75
29 104 71
30 104 72
31 104 90
32 104 70
33 104 81
34 104 85
35 104 85
36 104 55
37 104 39
38 104 52
39 104 140
40 104 186
41 104 210
42 104 110
43 104 65
44 104 72
45 104 80
46 104 58
47 104 58
48 104 56
49 104 57
50 104 78
51 104 63
52 104 56
53 104 54
54 104 71
55 104 74
56 104 71
57 104 85
58 104 86
59 104 90
60 104 106
61 104 80
62 104 76
63 104 95
64 104 85
65 104 72
66 104 73
67 104 59
68 104 67
69 104 73
70 104 72
71 104 75
72 104 85
73 104 65
74 104 66
75 104 79
76 104 75
77 104 85
78 104 86
79 104 96
80 104 110
81 104 127
82 104 105
83 104 99
84 104 88
85 104 92
86 104 99
87 104 97
88 104 97
89 104 96
90 104 99
91 104 88
92 104 113
93 104 115
94 104 109
95 104 128
96 104 148
97 104 83
98 104 43
99 104 26
100 104 23
101 104 18
102 104 11
103 104 23
104 104 48
105 104 37
106 104 38
107 104 38
108 104 40
109 104 32
110 104 36
111 104 23
112 104 30
113 104 29
114 104 32
115 104 20
116 104 22
117 104 39
118 104 29
119 104 36
0 103 7
1 103 15
2 103 21
3 103 13
4 103 22
5 103 27
6 103 21
7 103 21
8 103 15
9 103 3
10 103 6
11 103 2
12 103 21
13 103 13
14 103 30
15 103 14
16 103 5
17 103 11
18 103 17
19 103 27
20 103 52
21 103 118
22 103 107
23 103 89
24 103 96
25 103 88
26 103 75
27 103 92
28 103 88
29 103 73
30 103 81
31 103 75
32 103 78
33 103 81
34 103 52
35 103 63
36 103 53
37 103 79
38 103 104
39 103 115
40 103 100
41 103 90
42 103 81
43 103 93
44 103 87
45 103 83
46 103 70
47 103 75
48 103 83
49 103 78
50 103 73
51 103 58
52 103 61
53 103 60
54 103 65
55 103 67
56 103 89
57 103 92
58 103 86
59 103 87
60 103 86
61 103 78
62 103 77
63 103 70
64 103 89
65 103 73
66 103 74
67 103 83
68 103 51
69 103 65
70 103 53
71 103 55
72 103 61
73 103 77
74 103 68
75 103 70
76 103 64
77 103 69
78 103 63
79 103 60
80 103 55
81 103 58
82 103 100
83 103 99
84 103 128
85 103 99
86 103 94
87 103 105
88 103 93
89 103 103
90 103 105
91 103 110
92 103 106
93 103 98
94 103 134
95 103 102
96 103 131
97 103 202
98 103 150
99 103 24
100 103 29
101 103 20
102 103 16
103 103 28
104 103 31
105 103 28
106 103 37
107 103 34
108 103 29
109 103 40
110 103 40
111 103 33
112 103 25
113 103 30
114 103 26
115 103 37
116 103 34
117 103 33
118 103 40
119 103 30
0 102 22
1 102 4
2 102 11
3 102 7
4 102 5
5 102 22
6 102 23
7 102 25
8 102 20
9 102 15
10 102 12
11 102 12
12 102 8
13 102 15
14 102 15
15 102 3
16 102 8
17 102 7
18 102 22
19 102 25
20 102 107
21 102 113
22 102 94
23 102 73
24 102 96
25 102 75
26 102 96
27 102 86
28 102 78
29 102 74
30 102 80
31 102 84
32 102 67
33 102 40
34 102 50
35 102 66
36 102 89
37 102 103
38 102 86
39 102 95
40 102 106
41 102 108
42 102 103
43 102 104
44 102 95
45 102 97
46 102 80
47 102 77
48 102 71
49 102 74
50 102 71
51 102 70
52 102 54
53 102 56
54 102 57
55 102 55
56 102 51
57 102 77
58 102 82
59 102 58
60 102 73
61 102 53
62 102 75
63 102 87
64 102 84
65 102 76
66 102 76
67 102 68
68 102 70
69 102 58
70 102 77
71 102 74
72 102 70
73 102 75
74 102 92
75 102 67
76 102 86
77 102 74
78 102 83
79 102 128
80 102 164
81 102 119
82 102 58
83 102 67
84 102 95
85 102 99
86 102 106
87 102 107
88 102 92
89 102 82
90 102 105
91 102 106
92 102 107
93 102 105
94 102 108
95 102 109
96 102 118
97 102 132
98 102 154
99 102 145
100 102 27
101 102 42
102 102 19
103 102 15
104 102 41
105 102 21
106 102 23
107 102 34
108 102 22
109 102 52
110 102 24
111 102 25
112 102 26
113 102 23
114 102 12
115 102 29
116 102 39
117 102 33
118 102 23
119 102 40
0 101 15
1 101 3
2 101 16
3 101 5
4 101 16
5 101 13
6 101 5
7 101 14
8 101 8
9 101 11
10 101 18
11 101 12
12 101 6
13 101 12
14 101 15
15 101 2
16 101 4
17 101 20
18 101 10
19 101 76
20 101 96
21 101 80
22 101 89
23 101 86
24 101 80
25 101 90
26 101 94
27 101 75
28 101 88
29 101 77
30 101 95
31 101 46
32 101 52
33 101 57
34 101 99
35 101 89
36 101 90
37 101 95
38 101 111
39 101 110
40 101 96
41 101 99
42 101 95
43 101 99
44 101 106
45 101 97
46 101 90
47 101 78
48 101 95
49 101 61
50 101 70
51 101 68
52 101 61
53 101 83
54 101 67
55 101 52
56 101 74
57 101 67
58 101 87
59 101 44
60 101 37
61 101 51
62 101 76
63 101 57
64 101 61
65 101 63
66 101 68
67 101 58
68 101 63
69 101 72
70 101 51
71 101 68
72 101 78
73 101 71
74 101 66
75 101 71
76 101 77
77 101 86
78 101 92
79 101 90
80 101 116
81 101 165
82 101 166
83 101 98
84 101 80
85 101 64
86 101 70
87 101 91
88 101 97
89 101 104
90 101 108
91 101 99
92 101 110
93 101 119
94 101 104
95 101 112
96 101 119
97 101 136
98 101 132
99 101 134
100 101 115
101 101 22
102 101 30
103 101 31
104 101 41
105 101 30
106 101 28
107 101 47
108 101 19
109 101 32
110 101 30
111 101 38
112 101 21
113 101 20
114 101 24
115 101 34
116 101 15
117 101 36
118 101 25
119 101 36
0 100 11
1 100 19
2 100 17
3 100 21
4 100 17
5 100 18
6 100 10
7 100 16
8 100 11
9 100 8
10 100 2
11 100 14
12 100 13
13 100 5
14 100 13
15 100 6
16 100 29
17 100 10
18 100 67
19 100 110
20 100 88
21 100 94
22 100 89
23 100 91
24 100 82
25 100 95
26 100 78
27 100 97
28 100 74
29 100 78
30 100 48
31 100 62
32 100 76
33 100 89
34 100 102
35 100 100
36 100 114
37 100 109
38 100 102
39 100 90
40 100 96
41 100 83
42 100 89
43 100 94
44 100 94
45 100 89
46 100 104
47 100 106
48 100 84
49 100 89
50 100 65
51 100 68
52 100 63
53 100 64
54 100 70
55 100 63
56 100 65
57 100 59
58 100 66
59 100 18
60 100 35
61 100 15
62 100 77
63 100 92
64 100 62
65 100 66
66 100 67
67 100 64
68 100 71
69 100 67
70 100 64
71 100 62
72 100 81
73 100 80
74 100 82
75 100 98
76 100 98
77 100 107
78 100 109
79 100 102
80 100 93
81 100 82
82 100 93
83 100 101
84 100 102
85 100 71
86 100 53
87 100 69
88 100 99
89 100 108
90 100 106
91 100 101
92 100 97
93 100 90
94 100 87
95 100 105
96 100 120
97 100 116
98 100 124
99 100 139
100 100 146
101 100 78
102 100 18
103 100 37
104 100 17
105 100 27
106 100 28
107 100 34
108 100 27
109 100 14
110 100 36
111 100 39
112 100 32
113 100 24
114 100 30
115 100 23
116 100 22
117 100 26
118 100 26
119 100 43
0 99 7
1 99 9
2 99 11
3 99 8
4 99 12
5 99 16
6 99 1
7 99 12
8 99 7
9 99 8
10 99 6
11 99 16
12 99 8
13 99 16
14 99 8
15 99 10
16 99 26
17 99 19
18 99 82
19 99 102
20 99 81
21 99 90
22 99 98
23 99 71
24 99 73
25 99 82
26 99 97
27 99 97
28 99 72
29 99 69
30 99 65
31 99 99
32 99 84
33 99 94
34 99 94
35 99 105
36 99 90
37 99 86
38 99 86
39 99 98
40 99 83
41 99 89
42 99 90
43 99 98
44 99 77
45 99 87
46 99 83
47 99 102
48 99 101
49 99 93
50 99 75
51 99 79
52 99 69
53 99 63
54 99 65
55 99 63
56 99 73
57 99 114
58 99 68
59 99 30
60 99 41
61 99 27
62 99 68
63 99 103
64 99 66
65 99 63
66 99 66
67 99 89
68 99 72
69 99 47
70 99 71
71 99 71
72 99 68
73 99 79
74 99 97
75 99 102
76 99 90
77 99 99
78 99 119
79 99 108
80 99 96
81 99 114
82 99 113
83 99 107
84 99 109
85 99 98
86 99 90
87 99 75
88 99 47
89 99 80
90 99 105
91 99 117
92 99 92
93 99 90
94 99 123
95 99 105
96 99 95
97 99 132
98 99 122
99 99 120
100 99 147
101 99 131
102 99 33
103 99 3
104 99 34
105 99 20
106 99 37
107 99 33
108 99 35
109 99 15
110 99 39
111 99 36
112 99 43
113 99 24
114 99 29
115 99 28
116 99 31
117 99 26
118 99 20
119 99 27
0 98 9
1 98 10
2 98 5
3 98 25
4 98 1
5 98 26
6 98 21
7 98 9
8 98 9
9 98 8
10 98 19
11 98 6
12 98 34
13 98 6
14 98 19
15 98 20
16 98 13
17 98 87
18 98 89
19 98 93
20 98 105
21 98 73
22 98 87
23 98 81
24 98 87
25 98 85
26 98 100
27 98 70
28 98 39
29 98 40
30 98 76
31 98 85
32 98 105
33 98 109
34 98 87
35 98 77
36 98 79
37 98 85
38 98 92
39 98 80
40 98 81
41 98 84
42 98 88
43 98 95
44 98 86
45 98 91
46 98 83
47 98 90
48 98 91
49 98 99
50 98 99
51 98 97
52 98 89
53 98 84
54 98 98
55 98 97
56 98 133
57 98 144
58 98 54
59 98 23
60 98 50
61 98 51
62 98 62
63 98 140
64 98 132
65 98 75
66 98 73
67 98 68
68 98 88
69 98 80
70 98 82
71 98 99
72 98 89
73 98 88
74 98 112
75 98 103
76 98 99
77 98 94
78 98 105
79 98 105
80 98 106
81 98 117
82 98 91
83 98 117
84 98 121
85 98 111
86 98 102
87 98 97
88 98 80
89 98 72
90 98 73
91 98 98
92 98 114
93 98 98
94 98 104
95 98 103
96 98 115
97 98 121
98 98 109
99 98 128
100 98 121
101 98 162
102 98 98
103 98 10
104 98 25
105 98 36
106 98 18
107 98 24
108 98 15
109 98 17
110 98 35
111 98 30
112 98 25
113 98 41
114 98 25
115 98 17
116 98 37
117 98 25
118 98 17
119 98 24
0 97 8
1 97 2
2 97 25
3 97 3
4 97 13
5 97 10
6 97 11
7 97 3
8 97 14
9 97 10
10 97 4
11 97 4
12 97 20
13 97 14
14 97 13
15 97 31
16 97 103
17 97 107
18 97 70
19 97 92
20 97 63
21 97 85
22 97 87
23 97 83
24 97 74
25 97 107
26 97 54
27 97 43
28 97 68
29 97 81
30 97 103
31 97 95
32 97 93
33 97 89
34 97 94
35 97 84
36 97 73
37 97 87
38 97 83
39 97 89
40 97 93
41 97 81
42 97 85
43 97 101
44 97 109
45 97 81
46 97 86
47 97 93
48 97 88
49 97 106
50 97 108
51 97 96
52 97 102
53 97 92
54 97 104
55 97 77
56 97 121
57 97 116
58 97 35
59 97 50
60 97 76
61 97 99
62 97 88
63 97 124
64 97 140
65 97 97
66 97 91
67 97 79
68 97 86
69 97 91
70 97 97
71 97 88
72 97 89
73 97 95
74 97 94
75 97 97
76 97 88
77 97 98
78 97 102
79 97 114
80 97 111
81 97 111
82 97 99
83 97 105
84 97 108
85 97 116
86 97 111
87 97 112
88 97 101
89 97 90
90 97 73
91 97 69
92 97 98
93 97 111
94 97 112
95 97 99
96 97 95
97 97 123
98 97 116
99 97 126
100 97 119
101 97 151
102 97 130
103 97 37
104 97 1
105 97 35
106 97 27
107 97 17
108 97 15
109 97 40
110 97 27
111 97 22
112 97 33
113 97 31
114 97 38
115 97 33
116 97 30
117 97 31
118 97 28
119 97 28
0 96 11
1 96 14
2 96 14
3 96 4
4 96 26
5 96 13
6 96 21
7 96 8
8 96 3
9 96 13
10 96 3
11 96 3
12 96 13
13 96 24
14 96 22
15 96 24
16 96 131
17 96 83
18 96 90
19 96 87
20 96 79
21 96 73
22 96 76
23 96 82
24 96 83
25 96 106
26 96 45
27 96 167
28 96 158
29 96 120
30 96 114
31 96 95
32 96 85
33 96 88
34 96 82
35 96 82
36 96 73
37 96 91
38 96 77
39 96 86
40 96 87
41 96 101
42 96 92
43 96 96
44 96 79
45 96 103
46 96 132
47 96 149
48 96 146
49 96 110
50 96 110
51 96 112
52 96 105
53 96 92
54 96 72
55 96 87
56 96 118
57 96 85
58 96 83
59 96 109
60 96 111
61 96 100
62 96 103
63 96 101
64 96 95
65 96 111
66 96 93
67 96 103
68 96 87
69 96 108
70 96 99
71 96 96
72 96 84
73 96 86
74 96 102
75 96 98
76 96 93
77 96 100
78 96 92
79 96 93
80 96 86
81 96 88
82 96 97
83 96 102
84 96 103
85 96 105
86 96 111
87 96 130
88 96 121
89 96 101
90 96 82
91 96 68
92 96 77
93 96 96
94 96 130
95 96 122
96 96 120
97 96 103
98 96 119
99 96 120
100 96 130
101 96 113
102 96 141
103 96 97
104 96 40
105 96 15
106 96 26
107 96 15
108 96 37
109 96 17
110 96 12
111 96 38
112 96 33
113 96 41
114 96 25
115 96 29
116 96 23
117 96 27
118 96 30
119 96 35
0 95 11
1 95 18
2 95 6
3 95 10
4 95 13
5 95 9
6 95 5
7 95 12
8 95 25
9 95 12
10 95 11
11 95 10
12 95 7
13 95 6
14 95 18
15 95 84
16 95 109
17 95 87
18 95 88
19 95 82
20 95 72
21 95 65
22 95 87
23 95 70
24 95 101
25 95 26
26 95 142
27 95 208
28 95 140
29 95 105
30 95 89
31 95 109
32 95 89
33 95 86
34 95 72
35 95 93
36 95 88
37 95 93
38 95 85
39 95 96
40 95 90
41 95 83
42 95 88
43 95 93
44 95 114
45 95 165
46 95 186
47 95 184
48 95 164
49 95 157
50 95 145
51 95 128
52 95 117
53 95 117
54 95 108
55 95 138
56 95 112
57 95 74
58 95 109
59 95 97
60 95 133
61 95 120
62 95 99
63 95 86
64 95 116
65 95 101
66 95 93
67 95 92
68 95 70
69 95 63
70 95 87
71 95 95
72 95 118
73 95 147
74 95 186
75 95 162
76 95 89
77 95 102
78 95 114
79 95 109
80 95 112
81 95 103
82 95 85
83 95 118
84 95 109
85 95 119
86 95 104
87 95 118
88 95 124
89 95 110
90 95 122
91 95 112
92 95 74
93 95 65
94 95 115
95 95 126
96 95 108
97 95 114
98 95 106
99 95 101
100 95 115
101 95 116
102 95 127
103 95 133
104 95 61
105 95 9
106 95 36
107 95 28
108 95 14
109 95 34
110 95 27
111 95 36
112 95 26
113 95 27
114 95 17
115 95 19
116 95 22
117 95 29
118 95 4
119 95 28
0 94 4
1 94 16
2 94 5
3 94 14
4 94 9
5 94 12
6 94 13
7 94 13
8 94 16
9 94 18
10 94 12
11 94 3
12 94 17
13 94 17
14 94 39
15 94 112
16 94 77
17 94 73
18 94 78
19 94 85
20 94 73
21 94 69
22 94 64
23 94 69
24 94 52
25 94 69
26 94 207
27 94 154
28 94 134
29 94 96
30 94 85
31 94 111
32 94 99
33 94 77
34 94 83
35 94 90
36 94 104
37 94 80
38 94 66
39 94 84
40 94 107
41 94 108
42 94 94
43 94 128
44 94 169
45 94 192
46 94 209
47 94 160
48 94 133
49 94 127
50 94 144
51 94 135
52 94 127
53 94 109
54 94 93
55 94 113
56 94 79
57 94 86
58 94 135
59 94 152
60 94 177
61 94 167
62 94 70
63 94 93
64 94 133
65 94 128
66 94 99
67 94 95
68 94 91
69 94 103
70 94 108
71 94 110
72 94 147
73 94 154
74 94 154
75 94 108
76 94 133
77 94 132
78 94 86
79 94 111
80 94 93
81 94 103
82 94 100
83 94 106
84 94 98
85 94 97
86 94 80
87 94 116
88 94 106
89 94 121
90 94 114
91 94 116
92 94 100
93 94 88
94 94 77
95 94 105
96 94 116
97 94 92
98 94 113
99 94 101
100 94 113
101 94 113
102 94 106
103 94 121
104 94 136
105 94 25
106 94 26
107 94 27
108 94 25
109 94 21
110 94 28
111 94 33
112 94 24
113 94 22
114 94 17
115 94 15
116 94 24
117 94 46
118 94 37
119 94 34
0 93 6
1 93 11
2 93 2
3 93 19
4 93 11
5 93 5
6 93 3
7 93 3
8 93 8
9 93 4
10 93 27
11 93 17
12 93 9
13 93 14
14 93 92
15 93 85
16 93 71
17 93 88
18 93 67
19 93 82
20 93 50
21 93 83
22 93 67
23 93 82
24 93 7
25 93 164
26 93 226
27 93 163
28 93 117
29 93 85
30 93 90
31 93 72
32 93 92
33 93 75
34 93 103
35 93 71
36 93 73
37 93 80
38 93 100
39 93 94
40 93 112
41 93 74
42 93 136
43 93 190
44 93 165
45 93 149
46 93 115
47 93 76
48 93 83
49 93 59
50 93 74
51 93 79
52 93 89
53 93 79
54 93 102
55 93 60
56 93 77
57 93 107
58 93 186
59 93 223
60 93 235
61 93 183
62 93 107
63 93 106
64 93 111
65 93 126
66 93 107
67 93 99
68 93 91
69 93 84
70 93 100
71 93 135
72 93 131
73 93 161
74 93 172
75 93 173
76 93 179
77 93 202
78 93 134
79 93 67
80 93 96
81 93 80
82 93 114
83 93 114
84 93 104
85 93 83
86 93 110
87 93 110
88 93 112
89 93 112
90 93 126
91 93 109
92 93 113
93 93 92
94 93 114
95 93 78
96 93 118
97 93 121
98 93 93
99 93 111
100 93 111
101 93 109
102 93 117
103 93 107
104 93 140
105 93 81
106 93 8
107 93 39
108 93 19
109 93 29
110 93 24
111 93 37
112 93 24
113 93 19
114 93 23
115 93 28
116 93 23
117 93 48
118 93 22
119 93 36
0 92 5
1 92 5
2 92 3
3 92 6
4 92 12
5 92 13
6 92 6
7 92 16
8 92 7
9 92 16
10 92 17
11 92 18
12 92 14
13 92 40
14 92 96
15 92 74
16 92 78
17 92 75
18 92 59
19 92 83
20 92 77
21 92 84
22 92 95
23 92 72
24 92 34
25 92 199
26 92 212
27 92 135
28 92 101
29 92 101
30 92 91
31 92 85
32 92 93
33 92 90
34 92 83
35 92 82
36 92 92
37 92 129
38 92 120
39 92 108
40 92 71
41 92 101
42 92 114
43 92 100
44 92 76
45 92 67
46 92 65
47 92 55
48 92 52
49 92 49
50 92 66
51 92 42
52 92 62
53 92 63
54 92 73
55 92 66
56 92 66
57 92 157
58 92 185
59 92 202
60 92 212
61 92 124
62 92 118
63 92 71
64 92 86
65 92 63
66 92 73
67 92 55
68 92 67
69 92 67
70 92 61
71 92 56
72 92 75
73 92 85
74 92 139
75 92 192
76 92 203
77 92 209
78 92 214
79 92 144
80 92 80
81 92 109
82 92 98
83 92 93
84 92 102
85 92 113
86 92 95
87 92 101
88 92 95
89 92 100
90 92 114
91 92 130
92 92 123
93 92 99
94 92 143
95 92 83
96 92 95
97 92 112
98 92 93
99 92 111
100 92 113
101 92 113
102 92 94
103 92 117
104 92 144
105 92 86
106 92 18
107 92 28
108 92 32
109 92 39
110 92 42
111 92 29
112 92 11
113 92 25
114 92 23
115 92 21
116 92 31
117 92 24
118 92 29
119 92 33
0 91 22
1 91 4
2 91 2
3 91 11
4 91 4
5 91 22
6 91 13
7 91 12
8 91 2
9 91 14
10 91 7
11 91 30
12 91 4
13 91 46
14 91 98
15 91 82
16 91 76
17 91 73
18 91 86
19 91 77
20 91 75
21 91 63
22 91 80
23 91 44
24 91 122
25 91 232
26 91 169
27 91 108
28 91 91
29 91 82
30 91 93
31 91 112
32 91 85
33 91 95
34 91 79
35 91 86
36 91 101
37 91 105
38 91 56
39 91 75
40 91 73
41 91 84
42 91 77
43 91 67
44 91 72
45 91 81
46 91 54
47 91 48
48 91 62
49 91 73
50 91 67
51 91 71
52 91 61
53 91 51
54 91 76
55 91 86
56 91 108
57 91 144
58 91 165
59 91 210
60 91 177
61 91 133
62 91 111
63 91 94
64 91 54
65 91 60
66 91 60
67 91 65
68 91 57
69 91 53
70 91 45
71 91 69
72 91 51
73 91 65
74 91 70
75 91 121
76 91 197
77 91 206
78 91 186
79 91 172
80 91 118
81 91 89
82 91 106
83 91 85
84 91 97
85 91 117
86 91 101
87 91 115
88 91 113
89 91 101
90 91 106
91 91 97
92 91 104
93 91 122
94 91 157
95 91 117
96 91 67
97 91 119
98 91 101
99 91 99
100 91 106
101 91 102
102 91 112
103 91 100
104 91 123
105 91 139
106 91 42
107 91 2
108 91 29
109 91 46
110 91 27
111 91 35
112 91 33
113 91 28
114 91 31
115 91 27
116 91 29
117 91 30
118 91 22
119 91 36
0 90 10
1 90 14
2 90 4
3 90 19
4 90 19
5 90 7
6 90 2
7 90 6
8 90 5
9 90 9
10 90 16
11 90 7
12 90 39
13 90 87
14 90 96
15 90 95
16 90 82
17 90 74
18 90 71
19 90 61
20 90 79
21 90 86
22 90 91
23 90 26
24 90 185
25 90 229
26 90 140
27 90 129
28 90 117
29 90 78
30 90 76
31 90 85
32 90 74
33 90 92
34 90 78
35 90 87
36 90 103
37 90 91
38 90 61
39 90 68
40 90 74
41 90 72
42 90 74
43 90 81
44 90 66
45 90 53
46 90 47
47 90 47
48 90 45
49 90 63
50 90 46
51 90 52
52 90 65
53 90 69
54 90 68
55 90 79
56 90 95
57 90 128
58 90 156
59 90 150
60 90 117
61 90 112
62 90 130
63 90 100
64 90 72
65 90 62
66 90 66
67 90 48
68 90 59
69 90 50
70 90 66
71 90 44
72 90 42
73 90 70
74 90 76
75 90 71
76 90 60
77 90 156
78 90 180
79 90 159
80 90 185
81 90 131
82 90 86
83 90 110
84 90 100
85 90 101
86 90 102
87 90 100
88 90 89
89 90 106
90 90 94
91 90 115
92 90 97
93 90 123
94 90 166
95 90 141
96 90 78
97 90 93
98 90 116
99 90 102
100 90 111
101 90 106
102 90 98
103 90 113
104 90 113
105 90 135
106 90 86
107 90 15
108 90 22
109 90 33
110 90 30
111 90 35
112 90 33
113 90 26
114 90 25
115 90 25
116 90 39
117 90 17
118 90 23
119 90 27
0 89 7
1 89 17
2 89 7
3 89 4
4 89 3
5 89 10
6 89 18
7 89 9
8 89 17
9 89 13
10 89 17
11 89 21
12 89 36
13 89 90
14 89 74
15 89 76
16 89 75
17 89 77
18 89 70
19 89 79
20 89 75
21 89 86
22 89 50
23 89 84
24 89 215
25 89 198
26 89 133
27 89 139
28 89 74
29 89 85
30 89 90
31 89 90
32 89 68
33 89 68
34 89 84
35 89 80
36 89 69
37 89 59
38 89 69
39 89 71
40 89 61
41 89 75
42 89 69
43 89 51
44 89 54
45 89 48
46 89 66
47 89 49
48 89 50
49 89 56
50 89 53
51 89 59
52 89 59
53 89 52
54 89 67
55 89 69
56 89 77
57 89 98
58 89 99
59 89 98
60 89 96
61 89 108
62 89 91
63 89 67
64 89 49
65 89 57
66 89 59
67 89 44
68 89 59
69 89 51
70 89 56
71 89 66
72 89 51
73 89 62
74 89 62
75 89 73
76 89 73
77 89 79
78 89 121
79 89 78
80 89 121
81 89 173
82 89 109
83 89 118
84 89 98
85 89 107
86 89 97
87 89 117
88 89 90
89 89 93
90 89 106
91 89 120
92 89 106
93 89 114
94 89 138
95 89 176
96 89 120
97 89 73
98 89 126
99 89 91
100 89 126
101 89 81
102 89 110
103 89 104
104 89 112
105 89 116
106 89 116
107 89 33
108 89 15
109 89 21
110 89 33
111 89 14
112 89 22
113 89 25
114 89 27
115 89 16
116 89 31
117 89 14
118 89 23
119 89 27
0 88 10
1 88 9
2 88 12
3 88 7
4 88 0
5 88 4
6 88 11
7 88 8
8 88 2
9 88 21
10 88 19
11 88 29
12 88 59
13 88 95
14 88 86
15 88 67
16 88 66
17 88 73
18 88 68
19 88 57
20 88 64
21 88 63
22 88 26
23 88 150
24 88 204
25 88 154
26 88 151
27 88 117
28 88 88
29 88 70
30 88 84
31 88 86
32 88 103
33 88 74
34 88 67
35 88 63
36 88 62
37 88 60
38 88 51
39 88 64
40 88 68
41 88 77
42 88 90
43 88 74
44 88 71
45 88 61
46 88 54
47 88 43
48 88 61
49 88 55
50 88 60
51 88 52
52 88 46
53 88 65
54 88 68
55 88 59
56 88 59
57 88 71
58 88 95
59 88 80
60 88 79
61 88 59
62 88 59
63 88 63
64 88 63
65 88 61
66 88 55
67 88 56
68 88 54
69 88 52
70 88 59
71 88 37
72 88 55
73 88 53
74 88 63
75 88 60
76 88 60
77 88 62
78 88 84
79 88 68
80 88 83
81 88 85
82 88 109
83 88 148
84 88 110
85 88 90
86 88 86
87 88 107
88 88 96
89 88 96
90 88 97
91 88 105
92 88 98
93 88 124
94 88 128
95 88 177
96 88 137
97 88 63
98 88 132
99 88 98
100 88 100
101 88 93
102 88 106
103 88 94
104 88 99
105 88 116
106 88 128
107 88 33
108 88 18
109 88 17
110 88 30
111 88 28
112 88 24
113 88 10
114 88 26
115 88 32
116 88 23
117 88 34
118 88 17
119 88 41
0 87 10
1 87 19
2 87 14
3 87 11
4 87 5
5 87 10
6 87 13
7 87 9
8 87 13
9 87 9
10 87 14
11 87 17
12 87 63
13 87 72
14 87 78
15 87 84
16 87 80
17 87 77
18 87 52
19 87 72
20 87 61
21 87 64
22 87 48
23 87 209
24 87 164
25 87 151
26 87 156
27 87 114
28 87 78
29 87 80
30 87 81
31 87 104
32 87 80
33 87 70
34 87 58
35 87 64
36 87 64
37 87 61
38 87 50
39 87 68
40 87 88
41 87 69
42 87 72
43 87 47
44 87 74
45 87 44
46 87 27
47 87 50
48 87 56
49 87 53
50 87 53
51 87 51
52 87 49
53 87 57
54 87 66
55 87 49
56 87 50
57 87 62
58 87 74
59 87 53
60 87 65
61 87 65
62 87 57
63 87 68
64 87 69
65 87 60
66 87 68
67 87 55
68 87 62
69 87 48
70 87 41
71 87 55
72 87 51
73 87 64
74 87 48
75 87 65
76 87 66
77 87 55
78 87 77
79 87 85
80 87 66
81 87 96
82 87 68
83 87 84
84 87 117
85 87 99
86 87 90
87 87 106
88 87 108
89 87 92
90 87 95
91 87 104
92 87 97
93 87 120
94 87 110
95 87 151
96 87 172
97 87 43
98 87 101
99 87 101
100 87 106
101 87 86
102 87 98
103 87 88
104 87 103
105 87 100
106 87 131
107 87 63
108 87 19
109 87 20
110 87 32
111 87 22
112 87 30
113 87 17
114 87 18
115 87 22
116 87 11
117 87 14
118 87 34
119 87 31
0 86 12
1 86 16
2 86 0
3 86 20
4 86 13
5 86 8
6 86 6
7 86 11
8 86 23
9 86 8
10 86 9
11 86 43
12 86 83
13 86 88
14 86 99
15 86 70
16 86 88
17 86 90
18 86 90
19 86 57
20 86 69
21 86 51
22 86 105
23 86 211
24 86 167
25 86 174
26 86 133
27 86 99
28 86 65
29 86 70
30 86 76
31 86 88
32 86 75
33 86 64
34 86 61
35 86 56
36 86 60
37 86 53
38 86 51
39 86 54
40 86 70
41 86 65
42 86 71
43 86 63
44 86 46
45 86 42
46 86 35
47 86 32
48 86 46
49 86 46
50 86 51
51 86 61
52 86 61
53 86 85
54 86 71
55 86 47
56 86 52
57 86 54
58 86 53
59 86 60
60 86 60
61 86 50
62 86 71
63 86 65
64 86 65
65 86 59
66 86 66
67 86 64
68 86 47
69 86 46
70 86 46
71 86 51
72 86 46
73 86 55
74 86 59
75 86 66
76 86 70
77 86 71
78 86 76
79 86 62
80 86 72
81 86 73
82 86 55
83 86 78
84 86 104
85 86 94
86 86 81
87 86 102
88 86 107
89 86 101
90 86 90
91 86 113
92 86 80
93 86 103
94 86 100
95 86 142
96 86 173
97 86 69
98 86 87
99 86 90
100 86 83
101 86 101
102 86 99
103 86 69
104 86 109
105 86 92
106 86 109
107 86 98
108 86 25
109 86 39
110 86 33
111 86 29
112 86 22
113 86 29
114 86 19
115 86 22
116 86 16
117 86 17
118 86 30
119 86 16
0 85 16
1 85 16
2 85 22
3 85 15
4 85 5
5 85 9
6 85 2
7 85 17
8 85 17
9 85 26
10 85 44
11 85 84
12 85 83
13 85 71
14 85 84
15 85 73
16 85 59
17 85 65
18 85 64
19 85 62
20 85 71
21 85 30
22 85 127
23 85 177
24 85 184
25 85 158
26 85 111
27 85 103
28 85 74
29 85 72
30 85 91
31 85 99
32 85 71
33 85 58
34 85 43
35 85 52
36 85 59
37 85 53
38 85 46
39 85 57
40 85 78
41 85 75
42 85 61
43 85 53
44 85 29
45 85 47
46 85 41
47 85 48
48 85 47
49 85 44
50 85 58
51 85 62
52 85 45
53 85 60
54 85 64
55 85 32
56 85 57
57 85 53
58 85 97
59 85 105
60 85 85
61 85 72
62 85 54
63 85 43
64 85 67
65 85 47
66 85 43
67 85 54
68 85 64
69 85 57
70 85 54
71 85 69
72 85 60
73 85 47
74 85 41
75 85 66
76 85 69
77 85 75
78 85 67
79 85 59
80 85 86
81 85 73
82 85 72
83 85 80
84 85 81
85 85 84
86 85 83
87 85 96
88 85 92
89 85 113
90 85 100
91 85 111
92 85 102
93 85 101
94 85 101
95 85 144
96 85 187
97 85 89
98 85 64
99 85 92
100 85 87
101 85 85
102 85 98
103 85 109
104 85 91
105 85 109
106 85 112
107 85 91
108 85 17
109 85 13
110 85 23
111 85 18
112 85 20
113 85 19
114 85 37
115 85 19
116 85 21
117 85 9
118 85 24
119 85 19
0 84 15
1 84 16
2 84 22
3 84 3
4 84 8
5 84 19
6 84 4
7 84 10
8 84 7
9 84 29
10 84 39
11 84 102
12 84 75
13 84 80
14 84 57
15 84 62
16 84 83
17 84 80
18 84 64
19 84 71
20 84 43
21 84 59
22 84 137
23 84 149
24 84 203
25 84 156
26 84 115
27 84 97
28 84 63
29 84 76
30 84 100
31 84 114
32 84 76
33 84 45
34 84 39
35 84 57
36 84 45
37 84 51
38 84 62
39 84 58
40 84 63
41 84 58
42 84 85
43 84 42
44 84 36
45 84 33
46 84 48
47 84 48
48 84 46
49 84 64
50 84 55
51 84 53
52 84 40
53 84 60
54 84 38
55 84 58
56 84 49
57 84 58
58 84 125
59 84 103
60 84 94
61 84 84
62 84 61
63 84 60
64 84 64
65 84 56
66 84 49
67 84 51
68 84 54
69 84 49
70 84 50
71 84 40
72 84 65
73 84 43
74 84 47
75 84 53
76 84 66
77 84 75
78 84 62
79 84 76
80 84 60
81 84 68
82 84 50
83 84 82
84 84 64
85 84 69
86 84 105
87 84 86
88 84 92
89 84 98
90 84 100
91 84 96
92 84 107
93 84 103
94 84 111
95 84 123
96 84 180
97 84 119
98 84 80
99 84 89
100 84 79
101 84 97
102 84 96
103 84 114
104 84 91
105 84 110
106 84 107
107 84 96
108 84 27
109 84 9
110 84 30
111 84 36
112 84 20
113 84 27
114 84 20
115 84 20
116 84 23
117 84 22
118 84 20
119 84 12
0 83 1
1 83 7
2 83 4
3 83 20
4 83 11
5 83 22
6 83 7
7 83 9
8 83 15
9 83 14
10 83 41
11 83 73
12 83 78
13 83 73
14 83 78
15 83 75
16 83 86
17 83 78
18 83 66
19 83 64
20 83 74
21 83 114
22 83 176
23 83 179
24 83 186
25 83 170
26 83 111
27 83 81
28 83 61
29 83 87
30 83 89
31 83 93
32 83 55
33 83 58
34 83 56
35 83 34
36 83 62
37 83 51
38 83 44
39 83 72
40 83 71
41 83 71
42 83 54
43 83 35
44 83 31
45 83 57
46 83 32
47 83 34
48 83 44
49 83 73
50 83 55
51 83 59
52 83 43
53 83 32
54 83 49
55 83 54
56 83 66
57 83 70
58 83 92
59 83 74
60 83 94
61 83 70
62 83 64
63 83 69
64 83 52
65 83 52
66 83 48
67 83 51
68 83 40
69 83 63
70 83 60
71 83 43
72 83 54
73 83 36
74 83 45
75 83 60
76 83 59
77 83 62
78 83 67
79 83 57
80 83 72
81 83 82
82 83 64
83 83 82
84 83 48
85 83 75
86 83 119
87 83 94
88 83 97
89 83 94
90 83 88
91 83 84
92 83 104
93 83 108
94 83 103
95 83 122
96 83 177
97 83 165
98 83 72
99 83 85
100 83 87
101 83 98
102 83 94
103 83 114
104 83 97
105 83 103
106 83 104
107 83 86
108 83 30
109 83 8
110 83 12
111 83 12
112 83 28
113 83 24
114 83 14
115 83 4
116 83 31
117 83 12
118 83 10
119 83 8
0 82 9
1 82 12
2 82 15
3 82 20
4 82 18
5 82 8
6 82 9
7 82 8
8 82 23
9 82 17
10 82 74
11 82 84
12 82 75
13 82 74
14 82 82
15 82 71
16 82 71
17 82 79
18 82 80
19 82 37
20 82 130
21 82 172
22 82 198
23 82 180
24 82 186
25 82 152
26 82 89
27 82 82
28 82 62
29 82 90
30 82 99
31 82 91
32 82 61
33 82 39
34 82 58
35 82 35
36 82 50
37 82 62
38 82 39
39 82 69
40 82 60
41 82 51
42 82 60
43 82 41
44 82 29
45 82 38
46 82 40
47 82 49
48 82 59
49 82 54
50 82 60
51 82 48
52 82 53
53 82 43
54 82 52
55 82 59
56 82 55
57 82 66
58 82 93
59 82 72
60 82 76
61 82 61
62 82 59
63 82 48
64 82 62
65 82 47
66 82 36
67 82 59
68 82 75
69 82 52
70 82 56
71 82 42
72 82 43
73 82 36
74 82 49
75 82 40
76 82 45
77 82 64
78 82 61
79 82 64
80 82 63
81 82 68
82 82 68
83 82 57
84 82 64
85 82 42
86 82 112
87 82 82
88 82 96
89 82 99
90 82 78
91 82 110
92 82 103
93 82 90
94 82 97
95 82 114
96 82 166
97 82 198
98 82 82
99 82 75
100 82 90
101 82 87
102 82 99
103 82 99
104 82 97
105 82 112
106 82 110
107 82 94
108 82 49
109 82 17
110 82 13
111 82 16
112 82 13
113 82 21
114 82 24
115 82 17
116 82 29
117 82 14
118 82 15
119 82 18
0 81 7
1 81 8
2 81 35
3 81 10
4 81 24
5 81 2
6 81 13
7 81 10
8 81 28
9 81 15
10 81 71
11 81 82
12 81 49
13 81 62
14 81 69
15 81 85
16 81 55
17 81 84
18 81 62
19 81 32
20 81 144
21 81 197
22 81 206
23 81 194
24 81 181
25 81 122
26 81 92
27 81 75
28 81 62
29 81 83
30 81 110
31 81 95
32 81 64
33 81 57
34 81 42
35 81 57
36 81 49
37 81 72
38 81 52
39 81 56
40 81 57
41 81 62
42 81 51
43 81 41
44 81 51
45 81 49
46 81 48
47 81 54
48 81 50
49 81 58
50 81 64
51 81 58
52 81 32
53 81 47
54 81 56
55 81 60
56 81 70
57 81 75
58 81 87
59 81 104
60 81 78
61 81 71
62 81 53
63 81 51
64 81 51
65 81 48
66 81 45
67 81 48
68 81 48
69 81 61
70 81 53
71 81 64
72 81 49
73 81 45
74 81 42
75 81 45
76 81 64
77 81 67
78 81 61
79 81 60
80 81 64
81 81 83
82 81 58
83 81 63
84 81 52
85 81 55
86 81 129
87 81 107
88 81 83
89 81 91
90 81 88
91 81 98
92 81 91
93 81 93
94 81 105
95 81 104
96 81 145
97 81 204
98 81 117
99 81 56
100 81 89
101 81 79
102 81 105
103 81 104
104 81 87
105 81 104
106 81 93
107 81 98
108 81 33
109 81 25
110 81 21
111 81 19
112 81 24
113 81 33
114 81 30
115 81 6
116 81 16
117 81 5
118 81 10
119 81 33
0 80 10
1 80 11
2 80 16
3 80 27
4 80 9
5 80 5
6 80 20
7 80 10
8 80 11
9 80 16
10 80 61
11 80 89
12 80 65
13 80 96
14 80 63
15 80 68
16 80 85
17 80 106
18 80 60
19 80 60
20 80 186
21 80 184
22 80 195
23 80 177
24 80 171
25 80 123
26 80 105
27 80 77
28 80 60
29 80 105
30 80 99
31 80 101
32 80 69
33 80 59
34 80 54
35 80 56
36 80 58
37 80 65
38 80 47
39 80 56
40 80 66
41 80 58
42 80 42
43 80 46
44 80 51
45 80 37
46 80 43
47 80 56
48 80 55
49 80 71
50 80 65
51 80 52
52 80 47
53 80 45
54 80 51
55 80 37
56 80 62
57 80 54
58 80 122
59 80 123
60 80 45
61 80 53
62 80 56
63 80 57
64 80 74
65 80 56
66 80 47
67 80 52
68 80 57
69 80 47
70 80 26
71 80 52
72 80 63
73 80 44
74 80 57
75 80 55
76 80 71
77 80 60
78 80 38
79 80 58
80 80 51
81 80 65
82 80 64
83 80 47
84 80 70
85 80 61
86 80 131
87 80 124
88 80 106
89 80 89
90 80 81
91 80 92
92 80 98
93 80 86
94 80 91
95 80 101
96 80 107
97 80 164
98 80 137
99 80 46
100 80 83
101 80 82
102 80 104
103 80 93
104 80 84
105 80 104
106 80 92
107 80 85
108 80 61
109 80 30
110 80 33
111 80 20
112 80 46
113 80 28
114 80 10
115 80 15
116 80 34
117 80 4
118 80 8
119 80 30
0 79 13
1 79 24
2 79 33
3 79 60
4 79 47
5 79 50
6 79 20
7 79 12
8 79 12
9 79 17
10 79 47
11 79 56
12 79 60
13 79 88
14 79 81
15 79 66
16 79 72
17 79 102
18 79 38
19 79 107
20 79 179
21 79 217
22 79 190
23 79 176
24 79 157
25 79 109
26 79 97
27 79 57
28 79 62
29 79 77
30 79 93
31 79 93
32 79 73
33 79 61
34 79 51
35 79 55
36 79 51
37 79 60
38 79 61
39 79 44
40 79 62
41 79 50
42 79 42
43 79 55
44 79 48
45 79 59
46 79 49
47 79 64
48 79 55
49 79 54
50 79 43
51 79 55
52 79 55
53 79 53
54 79 54
55 79 43
56 79 54
57 79 54
58 79 107
59 79 109
60 79 56
61 79 46
62 79 49
63 79 51
64 79 44
65 79 43
66 79 54
67 79 63
68 79 55
69 79 42
70 79 32
71 79 52
72 79 46
73 79 36
74 79 56
75 79 41
76 79 49
77 79 57
78 79 49
79 79 54
80 79 72
81 79 61
82 79 58
83 79 60
84 79 72
85 79 60
86 79 118
87 79 142
88 79 88
89 79 83
90 79 61
91 79 80
92 79 97
93 79 96
94 79 81
95 79 101
96 79 119
97 79 186
98 79 172
99 79 48
100 79 102
101 79 97
102 79 98
103 79 73
104 79 86
105 79 89
106 79 94
107 79 98
108 79 77
109 79 38
110 79 15
111 79 31
112 79 27
113 79 12
114 79 17
115 79 20
116 79 20
117 79 18
118 79 16
119 79 36
0 78 5
1 78 45
2 78 38
3 78 64
4 78 79
5 78 54
6 78 16
7 78 27
8 78 31
9 78 7
10 78 38
11 78 78
12 78 61
13 78 81
14 78 69
15 78 97
16 78 93
17 78 101
18 78 64
19 78 107
20 78 156
21 78 187
22 78 175
23 78 167
24 78 156
25 78 97
26 78 97
27 78 67
28 78 77
29 78 69
30 78 89
31 78 100
32 78 70
33 78 49
34 78 43
35 78 62
36 78 72
37 78 58
38 78 67
39 78 45
40 78 49
41 78 50
42 78 47
43 78 59
44 78 65
45 78 61
46 78 51
47 78 66
48 78 44
49 78 44
50 78 52
51 78 45
52 78 50
53 78 45
54 78 58
55 78 45
56 78 49
57 78 55
58 78 111
59 78 99
60 78 61
61 78 46
62 78 50
63 78 44
64 78 51
65 78 50
66 78 45
67 78 56
68 78 41
69 78 53
70 78 42
71 78 54
72 78 60
73 78 47
74 78 48
75 78 56
76 78 58
77 78 51
78 78 66
79 78 42
80 78 72
81 78 63
82 78 53
83 78 46
84 78 46
85 78 59
86 78 153
87 78 127
88 78 112
89 78 75
90 78 69
91 78 74
92 78 65
93 78 95
94 78 94
95 78 109
96 78 115
97 78 159
98 78 159
99 78 59
100 78 79
101 78 85
102 78 92
103 78 86
104 78 69
105 78 87
106 78 94
107 78 73
108 78 81
109 78 44
110 78 3
111 78 29
112 78 18
113 78 12
114 78 22
115 78 22
116 78 7
117 78 21
118 78 14
119 78 33
0 77 3
1 77 18
2 77 4
3 77 21
4 77 7
5 77 42
6 77 82
7 77 48
8 77 7
9 77 22
10 77 22
11 77 82
12 77 74
13 77 85
14 77 86
15 77 85
16 77 68
17 77 90
18 77 56
19 77 111
20 77 166
21 77 182
22 77 173
23 77 146
24 77 150
25 77 113
26 77 79
27 77 72
28 77 61
29 77 58
30 77 63
31 77 73
32 77 84
33 77 63
34 77 49
35 77 51
36 77 49
37 77 62
38 77 66
39 77 60
40 77 61
41 77 53
42 77 55
43 77 58
44 77 62
45 77 65
46 77 44
47 77 67
48 77 65
49 77 46
50 77 57
51 77 70
52 77 53
53 77 57
54 77 41
55 77 58
56 77 54
57 77 65
58 77 82
59 77 69
60 77 60
61 77 36
62 77 38
63 77 39
64 77 61
65 77 59
66 77 46
67 77 54
68 77 40
69 77 62
70 77 51
71 77 38
72 77 54
73 77 56
74 77 45
75 77 49
76 77 52
77 77 43
78 77 53
79 77 42
80 77 55
81 77 53
82 77 63
83 77 60
84 77 72
85 77 70
86 77 140
87 77 116
88 77 94
89 77 74
90 77 76
91 77 90
92 77 80
93 77 80
94 77 88
95 77 103
96 77 127
97 77 137
98 77 183
99 77 59
100 77 89
101 77 99
102 77 94
103 77 81
104 77 83
105 77 80
106 77 82
107 77 89
108 77 97
109 77 49
110 77 13
111 77 29
112 77 1
113 77 32
114 77 19
115 77 20
116 77 5
117 77 15
118 77 26
119 77 28
0 76 12
1 76 16
2 76 36
3 76 39
4 76 6
5 76 74
6 76 102
7 76 64
8 76 28
9 76 8
10 76 7
11 76 81
12 76 109
13 76 72
14 76 75
15 76 78
16 76 68
17 76 90
18 76 67
19 76 102
20 76 164
21 76 180
22 76 181
23 76 147
24 76 160
25 76 107
26 76 93
27 76 70
28 76 72
29 76 64
30 76 74
31 76 75
32 76 65
33 76 50
34 76 53
35 76 38
36 76 61
37 76 32
38 76 54
39 76 42
40 76 70
41 76 47
42 76 64
43 76 52
44 76 44
45 76 61
46 76 57
47 76 65
48 76 52
49 76 67
50 76 66
51 76 54
52 76 35
53 76 61
54 76 56
55 76 62
56 76 50
57 76 52
58 76 82
59 76 66
60 76 56
61 76 58
62 76 53
63 76 41
64 76 55
65 76 62
66 76 67
67 76 62
68 76 51
69 76 49
70 76 43
71 76 65
72 76 56
73 76 70
74 76 59
75 76 55
76 76 64
77 76 57
78 76 61
79 76 57
80 76 57
81 76 62
82 76 65
83 76 67
84 76 61
85 76 87
86 76 116
87 76 96
88 76 87
89 76 69
90 76 82
91 76 79
92 76 70
93 76 75
94 76 82
95 76 93
96 76 102
97 76 130
98 76 183
99 76 68
100 76 72
101 76 98
102 76 104
103 76 92
104 76 88
105 76 81
106 76 92
107 76 79
108 76 95
109 76 38
110 76 3
111 76 19
112 76 9
113 76 19
114 76 15
115 76 12
116 76 18
117 76 26
118 76 17
119 76 24
0 75 16
1 75 48
2 75 46
3 75 31
4 75 49
5 75 46
6 75 23
7 75 25
8 75 8
9 75 14
10 75 29
11 75 57
12 75 83
13 75 67
14 75 63
15 75 76
16 75 76
17 75 81
18 75 63
19 75 95
20 75 145
21 75 166
22 75 155
23 75 141
24 75 141
25 75 106
26 75 81
27 75 82
28 75 80
29 75 66
30 75 66
31 75 56
32 75 58
33 75 54
34 75 60
35 75 58
36 75 40
37 75 63
38 75 55
39 75 52
40 75 50
41 75 55
42 75 60
43 75 64
44 75 47
45 75 72
46 75 55
47 75 57
48 75 46
49 75 50
50 75 49
51 75 48
52 75 46
53 75 47
54 75 48
55 75 41
56 75 44
57 75 55
58 75 68
59 75 67
60 75 59
61 75 55
62 75 46
63 75 49
64 75 53
65 75 59
66 75 54
67 75 66
68 75 49
69 75 59
70 75 49
71 75 66
72 75 63
73 75 70
74 75 61
75 75 50
76 75 61
77 75 70
78 75 57
79 75 57
80 75 52
81 75 72
82 75 48
83 75 87
84 75 93
85 75 98
86 75 92
87 75 82
88 75 72
89 75 81
90 75 70
91 75 75
92 75 81
93 75 70
94 75 90
95 75 80
96 75 114
97 75 126
98 75 139
99 75 56
100 75 88
101 75 96
102 75 69
103 75 89
104 75 66
105 75 95
106 75 75
107 75 85
108 75 88
109 75 33
110 75 21
111 75 24
112 75 30
113 75 11
114 75 2
115 75 9
116 75 14
117 75 26
118 75 8
119 75 27
0 74 27
1 74 67
2 74 51
3 74 32
4 74 42
5 74 50
6 74 38
7 74 38
8 74 6
9 74 8
10 74 17
11 74 19
12 74 71
13 74 67
14 74 72
15 74 70
16 74 85
17 74 72
18 74 71
19 74 85
20 74 138
21 74 155
22 74 157
23 74 145
24 74 122
25 74 85
26 74 79
27 74 76
28 74 83
29 74 67
30 74 62
31 74 66
32 74 66
33 74 58
34 74 60
35 74 41
36 74 50
37 74 42
38 74 46
39 74 56
40 74 53
41 74 50
42 74 68
43 74 48
44 74 47
45 74 58
46 74 61
47 74 57
48 74 53
49 74 53
50 74 44
51 74 38
52 74 38
53 74 47
54 74 44
55 74 56
56 74 52
57 74 59
58 74 54
59 74 67
60 74 49
61 74 52
62 74 58
63 74 41
64 74 57
65 74 48
66 74 51
67 74 59
68 74 48
69 74 60
70 74 41
71 74 65
72 74 66
73 74 46
74 74 70
75 74 63
76 74 67
77 74 58
78 74 61
79 74 42
80 74 71
81 74 62
82 74 54
83 74 74
84 74 87
85 74 114
86 74 75
87 74 83
88 74 71
89 74 85
90 74 81
91 74 69
92 74 78
93 74 81
94 74 73
95 74 85
96 74 113
97 74 127
98 74 110
99 74 67
100 74 97
101 74 91
102 74 86
103 74 90
104 74 87
105 74 75
106 74 86
107 74 70
108 74 48
109 74 13
110 74 20
111 74 10
112 74 20
113 74 19
114 74 25
115 74 14
116 74 22
117 74 32
118 74 25
119 74 20
0 73 31
1 73 27
2 73 51
3 73 56
4 73 62
5 73 85
6 73 75
7 73 15
8 73 8
9 73 34
10 73 17
11 73 16
12 73 64
13 73 84
14 73 54
15 73 80
16 73 93
17 73 94
18 73 75
19 73 65
20 73 136
21 73 145
22 73 151
23 73 137
24 73 102
25 73 93
26 73 91
27 73 80
28 73 81
29 73 82
30 73 56
31 73 65
32 73 65
33 73 57
34 73 61
35 73 42
36 73 36
37 73 59
38 73 47
39 73 64
40 73 45
41 73 41
42 73 58
43 73 62
44 73 51
45 73 54
46 73 27
47 73 47
48 73 56
49 73 45
50 73 47
51 73 47
52 73 57
53 73 45
54 73 46
55 73 43
56 73 59
57 73 49
58 73 63
59 73 64
60 73 52
61 73 46
62 73 54
63 73 59
64 73 43
65 73 69
66 73 48
67 73 47
68 73 57
69 73 56
70 73 49
71 73 56
72 73 65
73 73 50
74 73 58
75 73 65
76 73 52
77 73 55
78 73 38
79 73 55
80 73 44
81 73 51
82 73 52
83 73 61
84 73 85
85 73 75
86 73 61
87 73 68
88 73 75
89 73 72
90 73 75
91 73 81
92 73 84
93 73 82
94 73 75
95 73 109
96 73 102
97 73 142
98 73 86
99 73 70
100 73 92
101 73 64
102 73 94
103 73 84
104 73 73
105 73 87
106 73 89
107 73 58
108 73 17
109 73 3
110 73 21
111 73 6
112 73 25
113 73 23
114 73 23
115 73 22
116 73 19
117 73 20
118 73 15
119 73 16
0 72 20
1 72 13
2 72 20
3 72 20
4 72 11
5 72 16
6 72 38
7 72 36
8 72 14
9 72 20
10 72 23
11 72 35
12 72 84
13 72 73
14 72 82
15 72 80
16 72 59
17 72 86
18 72 67
19 72 63
20 72 94
21 72 140
22 72 142
23 72 129
24 72 105
25 72 78
26 72 79
27 72 81
28 72 58
29 72 72
30 72 67
31 72 67
32 72 59
33 72 53
34 72 57
35 72 37
36 72 48
37 72 43
38 72 46
39 72 32
40 72 46
41 72 54
42 72 34
43 72 37
44 72 43
45 72 48
46 72 43
47 72 58
48 72 51
49 72 64
50 72 53
51 72 51
52 72 55
53 72 40
54 72 48
55 72 41
56 72 48
57 72 54
58 72 64
59 72 48
60 72 54
61 72 41
62 72 56
63 72 63
64 72 59
65 72 46
66 72 60
67 72 51
68 72 47
69 72 62
70 72 47
71 72 62
72 72 58
73 72 59
74 72 64
75 72 46
76 72 53
77 72 53
78 72 46
79 72 60
80 72 38
81 72 57
82 72 53
83 72 71
84 72 73
85 72 67
86 72 76
87 72 63
88 72 76
89 72 70
90 72 75
91 72 70
92 72 68
93 72 60
94 72 71
95 72 103
96 72 127
97 72 114
98 72 64
99 72 72
100 72 88
101 72 69
102 72 64
103 72 85
104 72 78
105 72 77
106 72 80
107 72 56
108 72 13
109 72 28
110 72 39
111 72 33
112 72 15
113 72 17
114 72 25
115 72 22
116 72 38
117 72 15
118 72 27
119 72 19
0 71 8
1 71 19
2 71 39
3 71 39
4 71 30
5 71 42
6 71 21
7 71 12
8 71 14
9 71 35
10 71 6
11 71 31
12 71 43
13 71 25
14 71 56
15 71 68
16 71 81
17 71 75
18 71 71
19 71 61
20 71 70
21 71 81
22 71 128
23 71 105
24 71 100
25 71 75
26 71 92
27 71 77
28 71 63
29 71 62
30 71 62
31 71 67
32 71 65
33 71 60
34 71 58
35 71 42
36 71 64
37 71 45
38 71 40
39 71 53
40 71 42
41 71 60
42 71 59
43 71 47
44 71 48
45 71 56
46 71 73
47 71 70
48 71 56
49 71 56
50 71 56
51 71 67
52 71 52
53 71 55
54 71 50
55 71 52
56 71 63
57 71 71
58 71 63
59 71 69
60 71 61
61 71 54
62 71 54
63 71 62
64 71 57
65 71 53
66 71 48
67 71 54
68 71 63
69 71 56
70 71 59
71 71 71
72 71 53
73 71 56
74 71 41
75 71 56
76 71 51
77 71 43
78 71 37
79 71 48
80 71 43
81 71 95
82 71 74
83 71 70
84 71 59
85 71 64
86 71 71
87 71 68
88 71 76
89 71 60
90 71 75
91 71 65
92 71 71
93 71 70
94 71 75
95 71 96
96 71 114
97 71 95
98 71 70
99 71 83
100 71 80
101 71 76
102 71 83
103 71 57
104 71 74
105 71 83
106 71 72
107 71 38
108 71 8
109 71 19
110 71 15
111 71 23
112 71 19
113 71 22
114 71 29
115 71 10
116 71 8
117 71 23
118 71 3
119 71 8
0 70 10
1 70 4
2 70 13
3 70 14
4 70 11
5 70 30
6 70 53
7 70 32
8 70 22
9 70 0
10 70 2
11 70 28
12 70 48
13 70 55
14 70 53
15 70 67
16 70 69
17 70 67
18 70 82
19 70 66
20 70 61
21 70 44
22 70 97
23 70 115
24 70 114
25 70 80
26 70 68
27 70 63
28 70 67
29 70 73
30 70 48
31 70 74
32 70 63
33 70 64
34 70 49
35 70 69
36 70 50
37 70 57
38 70 43
39 70 55
40 70 28
41 70 68
42 70 50
43 70 49
44 70 62
45 70 58
46 70 49
47 70 49
48 70 65
49 70 34
50 70 61
51 70 64
52 70 45
53 70 60
54 70 58
55 70 61
56 70 64
57 70 57
58 70 68
59 70 55
60 70 63
61 70 47
62 70 48
63 70 64
64 70 50
65 70 51
66 70 61
67 70 60
68 70 57
69 70 56
70 70 76
71 70 55
72 70 54
73 70 51
74 70 71
75 70 55
76 70 43
77 70 35
78 70 54
79 70 32
80 70 105
81 70 129
82 70 67
83 70 63
84 70 57
85 70 70
86 70 75
87 70 67
88 70 77
89 70 75
90 70 65
91 70 68
92 70 70
93 70 52
94 70 90
95 70 86
96 70 100
97 70 72
98 70 68
99 70 75
100 70 79
101 70 80
102 70 76
103 70 78
104 70 72
105 70 59
106 70 46
107 70 5
108 70 26
109 70 24
110 70 7
111 70 0
112 70 9
113 70 22
114 70 9
115 70 15
116 70 20
117 70 15
118 70 15
119 70 12
0 69 7
1 69 18
2 69 5
3 69 18
4 69 10
5 69 16
6 69 9
7 69 25
8 69 6
9 69 6
10 69 25
11 69 8
12 69 55
13 69 71
14 69 80
15 69 71
16 69 65
17 69 68
18 69 67
19 69 65
20 69 65
21 69 60
22 69 54
23 69 69
24 69 106
25 69 93
26 69 71
27 69 53
28 69 84
29 69 70
30 69 49
31 69 50
32 69 60
33 69 60
34 69 68
35 69 62
36 69 62
37 69 59
38 69 53
39 69 56
40 69 45
41 69 53
42 69 57
43 69 59
44 69 55
45 69 66
46 69 58
47 69 58
48 69 63
49 69 49
50 69 55
51 69 58
52 69 43
53 69 54
54 69 61
55 69 58
56 69 66
57 69 63
58 69 80
59 69 41
60 69 68
61 69 50
62 69 67
63 69 69
64 69 60
65 69 51
66 69 66
67 69 48
68 69 50
69 69 63
70 69 55
71 69 68
72 69 49
73 69 53
74 69 53
75 69 62
76 69 56
77 69 63
78 69 42
79 69 85
80 69 140
81 69 97
82 69 49
83 69 83
84 69 67
85 69 74
86 69 62
87 69 68
88 69 83
89 69 65
90 69 75
91 69 66
92 69 59
93 69 56
94 69 76
95 69 92
96 69 71
97 69 67
98 69 57
99 69 71
100 69 73
101 69 73
102 69 66
103 69 66
104 69 76
105 69 90
106 69 43
107 69 24
108 69 40
109 69 13
110 69 17
111 69 8
112 69 18
113 69 32
114 69 12
115 69 11
116 69 15
117 69 16
118 69 15
119 69 3
0 68 13
1 68 14
2 68 14
3 68 19
4 68 5
5 68 17
6 68 1
7 68 44
8 68 10
9 68 7
10 68 8
11 68 16
12 68 31
13 68 56
14 68 58
15 68 73
16 68 63
17 68 61
18 68 54
19 68 43
20 68 63
21 68 54
22 68 52
23 68 48
24 68 100
25 68 94
26 68 67
27 68 44
28 68 57
29 68 57
30 68 31
31 68 54
32 68 60
33 68 61
34 68 64
35 68 61
36 68 40
37 68 59
38 68 80
39 68 50
40 68 48
41 68 40
42 68 59
43 68 49
44 68 47
45 68 43
46 68 56
47 68 70
48 68 58
49 68 51
50 68 70
51 68 58
52 68 56
53 68 65
54 68 69
55 68 47
56 68 60
57 68 104
58 68 118
59 68 88
60 68 64
61 68 52
62 68 63
63 68 66
64 68 69
65 68 64
66 68 51
67 68 70
68 68 58
69 68 53
70 68 52
71 68 37
72 68 48
73 68 32
74 68 59
75 68 50
76 68 53
77 68 43
78 68 63
79 68 112
80 68 101
81 68 59
82 68 71
83 68 66
84 68 53
85 68 74
86 68 69
87 68 62
88 68 67
89 68 80
90 68 67
91 68 68
92 68 75
93 68 53
94 68 63
95 68 66
96 68 51
97 68 52
98 68 79
99 68 82
100 68 76
101 68 75
102 68 74
103 68 40
104 68 17
105 68 46
106 68 15
107 68 20
108 68 22
109 68 28
110 68 66
111 68 30
112 68 8
113 68 18
114 68 16
115 68 10
116 68 14
117 68 20
118 68 15
119 68 8
0 67 10
1 67 13
2 67 2
3 67 10
4 67 14
5 67 5
6 67 11
7 67 23
8 67 9
9 67 11
10 67 13
11 67 3
12 67 30
13 67 62
14 67 66
15 67 69
16 67 62
17 67 60
18 67 63
19 67 79
20 67 84
21 67 55
22 67 55
23 67 54
24 67 78
25 67 95
26 67 84
27 67 61
28 67 64
29 67 41
30 67 56
31 67 60
32 67 56
33 67 61
34 67 68
35 67 48
36 67 57
37 67 44
38 67 82
39 67 81
40 67 52
41 67 42
42 67 47
43 67 47
44 67 63
45 67 66
46 67 41
47 67 66
48 67 54
49 67 64
50 67 48
51 67 59
52 67 57
53 67 58
54 67 51
55 67 63
56 67 111
57 67 112
58 67 109
59 67 115
60 67 120
61 67 76
62 67 55
63 67 59
64 67 57
65 67 66
66 67 57
67 67 55
68 67 53
69 67 60
70 67 55
71 67 50
72 67 46
73 67 58
74 67 65
75 67 43
76 67 70
77 67 66
78 67 66
79 67 92
80 67 77
81 67 58
82 67 66
83 67 73
84 67 62
85 67 63
86 67 69
87 67 55
88 67 68
89 67 51
90 67 67
91 67 70
92 67 55
93 67 57
94 67 56
95 67 48
96 67 62
97 67 61
98 67 61
99 67 80
100 67 78
101 67 76
102 67 72
103 67 48
104 67 56
105 67 17
106 67 7
107 67 27
108 67 49
109 67 52
110 67 96
111 67 76
112 67 35
113 67 1
114 67 27
115 67 6
116 67 14
117 67 17
118 67 18
119 67 18
0 66 15
1 66 8
2 66 11
3 66 1
4 66 3
5 66 8
6 66 7
7 66 6
8 66 17
9 66 16
10 66 19
11 66 12
12 66 18
13 66 65
14 66 53
15 66 69
16 66 71
17 66 69
18 66 48
19 66 64
20 66 50
21 66 47
22 66 62
23 66 40
24 66 64
25 66 73
26 66 68
27 66 58
28 66 63
29 66 42
30 66 44
31 66 41
32 66 46
33 66 54
34 66 61
35 66 57
36 66 64
37 66 59
38 66 58
39 66 84
40 66 72
41 66 56
42 66 32
43 66 58
44 66 67
45 66 38
46 66 54
47 66 65
48 66 61
49 66 45
50 66 43
51 66 57
52 66 63
53 66 87
54 66 83
55 66 119
56 66 136
57 66 130
58 66 121
59 66 108
60 66 91
61 66 117
62 66 64
63 66 36
64 66 53
65 66 54
66 66 65
67 66 54
68 66 57
69 66 67
70 66 46
71 66 58
72 66 63
73 66 52
74 66 50
75 66 43
76 66 39
77 66 85
78 66 97
79 66 72
80 66 55
81 66 68
82 66 62
83 66 83
84 66 57
85 66 71
86 66 61
87 66 68
88 66 74
89 66 64
90 66 43
91 66 51
92 66 47
93 66 46
94 66 47
95 66 54
96 66 67
97 66 63
98 66 61
99 66 67
100 66 51
101 66 64
102 66 79
103 66 68
104 66 78
105 66 21
106 66 25
107 66 29
108 66 22
109 66 37
110 66 43
111 66 42
112 66 10
113 66 33
114 66 24
115 66 12
116 66 14
117 66 16
118 66 2
119 66 7
0 65 24
1 65 11
2 65 6
3 65 10
4 65 17
5 65 11
6 65 12
7 65 10
8 65 16
9 65 7
10 65 5
11 65 14
12 65 11
13 65 49
14 65 59
15 65 63
16 65 64
17 65 64
18 65 61
19 65 63
20 65 51
21 65 60
22 65 47
23 65 44
24 65 45
25 65 48
26 65 47
27 65 53
28 65 54
29 65 46
30 65 33
31 65 46
32 65 58
33 65 57
34 65 45
35 65 45
36 65 65
37 65 77
38 65 68
39 65 54
40 65 63
41 65 72
42 65 70
43 65 63
44 65 39
45 65 31
46 65 22
47 65 41
48 65 64
49 65 52
50 65 77
51 65 99
52 65 133
53 65 124
54 65 113
55 65 117
56 65 111
57 65 111
58 65 129
59 65 113
60 65 107
61 65 127
62 65 118
63 65 98
64 65 90
65 65 67
66 65 43
67 65 48
68 65 59
69 65 50
70 65 58
71 65 52
72 65 32
73 65 59
74 65 50
75 65 70
76 65 68
77 65 96
78 65 83
79 65 58
80 65 71
81 65 72
82 65 77
83 65 62
84 65 71
85 65 60
86 65 61
87 65 63
88 65 52
89 65 63
90 65 49
91 65 52
92 65 44
93 65 50
94 65 52
95 65 70
96 65 59
97 65 76
98 65 52
99 65 63
100 65 68
101 65 86
102 65 64
103 65 58
104 65 47
105 65 22
106 65 27
107 65 8
108 65 22
109 65 7
110 65 14
111 65 7
112 65 14
113 65 4
114 65 4
115 65 12
116 65 7
117 65 0
118 65 4
119 65 13
0 64 26
1 64 14
2 64 7
3 64 5
4 64 23
5 64 8
6 64 13
7 64 10
8 64 24
9 64 17
10 64 9
11 64 18
12 64 7
13 64 48
14 64 65
15 64 66
16 64 82
17 64 64
18 64 51
19 64 42
20 64 48
21 64 69
22 64 46
23 64 56
24 64 61
25 64 42
26 64 38
27 64 47
28 64 33
29 64 37
30 64 49
31 64 50
32 64 63
33 64 69
34 64 64
35 64 46
36 64 52
37 64 45
38 64 50
39 64 53
40 64 97
41 64 80
42 64 88
43 64 133
44 64 121
45 64 127
46 64 115
47 64 121
48 64 113
49 64 119
50 64 130
51 64 122
52 64 129
53 64 135
54 64 134
55 64 107
56 64 121
57 64 120
58 64 111
59 64 111
60 64 101
61 64 104
62 64 135
63 64 123
64 64 123
65 64 102
66 64 94
67 64 82
68 64 64
69 64 61
70 64 41
71 64 44
72 64 63
73 64 73
74 64 106
75 64 88
76 64 82
77 64 89
78 64 52
79 64 70
80 64 64
81 64 51
82 64 74
83 64 72
84 64 61
85 64 53
86 64 59
87 64 52
88 64 46
89 64 46
90 64 42
91 64 53
92 64 43
93 64 31
94 64 57
95 64 46
96 64 47
97 64 46
98 64 71
99 64 64
100 64 71
101 64 70
102 64 67
103 64 51
104 64 31
105 64 17
106 64 6
107 64 13
108 64 18
109 64 5
110 64 28
111 64 24
112 64 18
113 64 5
114 64 3
115 64 5
116 64 13
117 64 13
118 64 5
119 64 17
0 63 14
1 63 26
2 63 17
3 63 23
4 63 25
5 63 13
6 63 11
7 63 28
8 63 5
9 63 6
10 63 11
11 63 5
12 63 5
13 63 54
14 63 90
15 63 78
16 63 88
17 63 88
18 63 45
19 63 63
20 63 60
21 63 68
22 63 49
23 63 52
24 63 49
25 63 54
26 63 44
27 63 58
28 63 55
29 63 46
30 63 57
31 63 71
32 63 58
33 63 51
34 63 62
35 63 50
36 63 40
37 63 39
38 63 45
39 63 35
40 63 115
41 63 120
42 63 99
43 63 155
44 63 142
45 63 157
46 63 148
47 63 131
48 63 92
49 63 90
50 63 86
51 63 95
52 63 95
53 63 120
54 63 130
55 63 138
56 63 99
57 63 86
58 63 86
59 63 88
60 63 81
61 63 130
62 63 104
63 63 74
64 63 84
65 63 96
66 63 129
67 63 151
68 63 149
69 63 152
70 63 133
71 63 154
72 63 141
73 63 151
74 63 123
75 63 90
76 63 99
77 63 35
78 63 51
79 63 59
80 63 64
81 63 65
82 63 65
83 63 59
84 63 67
85 63 54
86 63 58
87 63 51
88 63 17
89 63 31
90 63 37
91 63 27
92 63 47
93 63 35
94 63 38
95 63 27
96 63 47
97 63 57
98 63 40
99 63 76
100 63 76
101 63 60
102 63 28
103 63 43
104 63 30
105 63 11
106 63 5
107 63 14
108 63 13
109 63 17
110 63 36
111 63 56
112 63 42
113 63 34
114 63 44
115 63 39
116 63 23
117 63 38
118 63 36
119 63 17
0 62 28
1 62 36
2 62 29
3 62 32
4 62 27
5 62 11
6 62 5
7 62 15
8 62 11
9 62 29
10 62 34
11 62 11
12 62 37
13 62 43
14 62 81
15 62 66
16 62 86
17 62 100
18 62 84
19 62 75
20 62 71
21 62 70
22 62 70
23 62 46
24 62 56
25 62 58
26 62 66
27 62 82
28 62 52
29 62 49
30 62 71
31 62 71
32 62 69
33 62 46
34 62 56
35 62 60
36 62 53
37 62 30
38 62 31
39 62 41
40 62 94
41 62 127
42 62 115
43 62 168
44 62 138
45 62 139
46 62 116
47 62 107
48 62 63
49 62 65
50 62 73
51 62 81
52 62 71
53 62 81
54 62 124
55 62 131
56 62 106
57 62 103
58 62 80
59 62 75
60 62 108
61 62 113
62 62 63
63 62 38
64 62 63
65 62 80
66 62 81
67 62 150
68 62 160
69 62 154
70 62 157
71 62 158
72 62 151
73 62 97
74 62 114
75 62 89
76 62 74
77 62 22
78 62 32
79 62 43
80 62 44
81 62 46
82 62 59
83 62 46
84 62 83
85 62 78
86 62 58
87 62 47
88 62 23
89 62 28
90 62 35
91 62 18
92 62 21
93 62 42
94 62 29
95 62 26
96 62 52
97 62 61
98 62 44
99 62 56
100 62 82
101 62 67
102 62 37
103 62 12
104 62 1
105 62 22
106 62 4
107 62 21
108 62 3
109 62 36
110 62 51
111 62 64
112 62 61
113 62 56
114 62 47
115 62 61
116 62 30
117 62 42
118 62 48
119 62 74
0 61 24
1 61 32
2 61 10
3 61 31
4 61 16
5 61 19
6 61 33
7 61 20
8 61 4
9 61 44
10 61 55
11 61 6
12 61 30
13 61 15
14 61 65
15 61 65
16 61 83
17 61 80
18 61 74
19 61 49
20 61 55
21 61 58
22 61 49
23 61 33
24 61 58
25 61 63
26 61 53
27 61 54
28 61 59
29 61 60
30 61 67
31 61 49
32 61 57
33 61 41
34 61 52
35 61 48
36 61 58
37 61 44
38 61 29
39 61 63
40 61 77
41 61 87
42 61 149
43 61 141
44 61 155
45 61 100
46 61 69
47 61 78
48 61 47
49 61 60
50 61 50
51 61 56
52 61 41
53 61 61
54 61 90
55 61 101
56 61 110
57 61 96
58 61 86
59 61 94
60 61 101
61 61 56
62 61 52
63 61 23
64 61 36
65 61 71
66 61 63
67 61 107
68 61 121
69 61 139
70 61 120
71 61 157
72 61 123
73 61 121
74 61 79
75 61 73
76 61 38
77 61 11
78 61 20
79 61 31
80 61 41
81 61 56
82 61 64
83 61 87
84 61 89
85 61 100
86 61 92
87 61 45
88 61 34
89 61 43
90 61 19
91 61 46
92 61 40
93 61 31
94 61 35
95 61 27
96 61 50
97 61 74
98 61 55
99 61 66
100 61 70
101 61 81
102 61 41
103 61 7
104 61 37
105 61 7
106 61 23
107 61 19
108 61 13
109 61 30
110 61 61
111 61 59
112 61 57
113 61 43
114 61 58
115 61 63
116 61 69
117 61 42
118 61 45
119 61 80
0 60 24
1 60 27
2 60 24
3 60 41
4 60 34
5 60 44
6 60 58
7 60 44
8 60 23
9 60 35
10 60 46
11 60 22
12 60 42
13 60 1
14 60 51
15 60 60
16 60 59
17 60 52
18 60 53
19 60 40
20 60 28
21 60 53
22 60 45
23 60 28
24 60 34
25 60 39
26 60 45
27 60 43
28 60 41
29 60 64
30 60 41
31 60 32
32 60 51
33 60 43
34 60 42
35 60 47
36 60 41
37 60 45
38 60 64
39 60 53
40 60 68
41 60 61
42 60 138
43 60 184
44 60 143
45 60 103
46 60 61
47 60 79
48 60 60
49 60 46
50 60 46
51 60 23
52 60 19
53 60 46
54 60 59
55 60 105
56 60 102
57 60 108
58 60 86
59 60 100
60 60 89
61 60 49
62 60 34
63 60 6
64 60 24
65 60 43
66 60 24
67 60 57
68 60 131
69 60 113
70 60 122
71 60 156
72 60 180
73 60 119
74 60 67
75 60 33
76 60 44
77 60 10
78 60 28
79 60 26
80 60 48
81 60 38
82 60 50
83 60 89
84 60 63
85 60 88
86 60 93
87 60 54
88 60 37
89 60 43
90 60 29
91 60 26
92 60 38
93 60 29
94 60 19
95 60 21
96 60 60
97 60 81
98 60 60
99 60 70
100 60 71
101 60 69
102 60 35
103 60 18
104 60 42
105 60 12
106 60 17
107 60 29
108 60 23
109 60 38
110 60 52
111 60 38
112 60 38
113 60 50
114 60 41
115 60 68
116 60 54
117 60 34
118 60 63
119 60 77
0 59 19
1 59 6
2 59 9
3 59 12
4 59 28
5 59 50
6 59 44
7 59 44
8 59 23
9 59 9
10 59 22
11 59 20
12 59 10
13 59 29
14 59 36
15 59 52
16 59 67
17 59 42
18 59 36
19 59 47
20 59 26
21 59 49
22 59 54
23 59 32
24 59 28
25 59 15
26 59 49
27 59 43
28 59 37
29 59 58
30 59 45
31 59 53
32 59 62
33 59 37
34 59 42
35 59 38
36 59 18
37 59 43
38 59 51
39 59 69
40 59 84
41 59 92
42 59 120
43 59 199
44 59 139
45 59 95
46 59 110
47 59 98
48 59 88
49 59 82
50 59 83
51 59 33
52 59 29
53 59 63
54 59 112
55 59 138
56 59 139
57 59 86
58 59 114
59 59 115
60 59 110
61 59 84
62 59 56
63 59 30
64 59 26
65 59 47
66 59 41
67 59 83
68 59 133
69 59 126
70 59 99
71 59 171
72 59 143
73 59 85
74 59 57
75 59 34
76 59 33
77 59 27
78 59 21
79 59 20
80 59 29
81 59 35
82 59 66
83 59 66
84 59 85
85 59 70
86 59 56
87 59 41
88 59 53
89 59 37
90 59 21
91 59 39
92 59 25
93 59 34
94 59 35
95 59 14
96 59 56
97 59 70
98 59 69
99 59 69
100 59 68
101 59 54
102 59 13
103 59 31
104 59 24
105 59 3
106 59 19
107 59 26
108 59 51
109 59 38
110 59 21
111 59 48
112 59 32
113 59 48
114 59 63
115 59 65
116 59 44
117 59 54
118 59 52
119 59 35
0 58 25
1 58 21
2 58 15
3 58 0
4 58 9
5 58 24
6 58 16
7 58 26
8 58 7
9 58 9
10 58 11
11 58 23
12 58 5
13 58 35
14 58 45
15 58 32
16 58 69
17 58 36
18 58 28
19 58 28
20 58 32
21 58 41
22 58 38
23 58 30
24 58 46
25 58 56
26 58 44
27 58 59
28 58 66
29 58 39
30 58 51
31 58 48
32 58 45
33 58 29
34 58 39
35 58 45
36 58 41
37 58 54
38 58 71
39 58 71
40 58 76
41 58 80
42 58 84
43 58 115
44 58 120
45 58 112
46 58 124
47 58 74
48 58 82
49 58 75
50 58 77
51 58 39
52 58 42
53 58 108
54 58 120
55 58 138
56 58 130
57 58 137
58 58 134
59 58 146
60 58 105
61 58 86
62 58 63
63 58 65
64 58 77
65 58 87
66 58 79
67 58 88
68 58 128
69 58 110
70 58 102
71 58 137
72 58 80
73 58 62
74 58 34
75 58 68
76 58 37
77 58 32
78 58 22
79 58 36
80 58 36
81 58 37
82 58 56
83 58 55
84 58 67
85 58 61
86 58 35
87 58 28
88 58 23
89 58 43
90 58 18
91 58 35
92 58 21
93 58 41
94 58 56
95 58 34
96 58 59
97 58 56
98 58 68
99 58 57
100 58 55
101 58 53
102 58 22
103 58 22
104 58 8
105 58 6
106 58 14
107 58 26
108 58 20
109 58 42
110 58 22
111 58 25
112 58 33
113 58 17
114 58 60
115 58 39
116 58 41
117 58 26
118 58 33
119 58 41
0 57 11
1 57 5
2 57 4
3 57 7
4 57 5
5 57 8
6 57 4
7 57 5
8 57 9
9 57 12
10 57 18
11 57 23
12 57 22
13 57 9
14 57 24
15 57 20
16 57 48
17 57 41
18 57 48
19 57 21
20 57 30
21 57 29
22 57 33
23 57 34
24 57 33
25 57 43
26 57 60
27 57 55
28 57 53
29 57 52
30 57 30
31 57 49
32 57 55
33 57 37
34 57 61
35 57 53
36 57 63
37 57 61
38 57 65
39 57 71
40 57 59
41 57 83
42 57 52
43 57 48
44 57 51
45 57 97
46 57 81
47 57 77
48 57 83
49 57 39
50 57 53
51 57 55
52 57 52
53 57 85
54 57 89
55 57 113
56 57 110
57 57 110
58 57 120
59 57 122
60 57 86
61 57 60
62 57 36
63 57 60
64 57 96
65 57 80
66 57 81
67 57 92
68 57 109
69 57 92
70 57 101
71 57 71
72 57 49
73 57 53
74 57 54
75 57 58
76 57 70
77 57 52
78 57 46
79 57 27
80 57 42
81 57 67
82 57 63
83 57 51
84 57 48
85 57 50
86 57 31
87 57 21
88 57 11
89 57 32
90 57 40
91 57 26
92 57 30
93 57 26
94 57 42
95 57 49
96 57 55
97 57 42
98 57 44
99 57 42
100 57 36
101 57 47
102 57 28
103 57 4
104 57 9
105 57 13
106 57 20
107 57 6
108 57 19
109 57 41
110 57 26
111 57 4
112 57 20
113 57 21
114 57 31
115 57 30
116 57 31
117 57 14
118 57 13
119 57 14
0 56 15
1 56 20
2 56 9
3 56 10
4 56 10
5 56 19
6 56 13
7 56 8
8 56 0
9 56 5
10 56 3
11 56 24
12 56 26
13 56 24
14 56 6
15 56 15
16 56 24
17 56 27
18 56 50
19 56 31
20 56 21
21 56 26
22 56 31
23 56 24
24 56 14
25 56 46
26 56 27
27 56 34
28 56 42
29 56 52
30 56 46
31 56 35
32 56 44
33 56 38
34 56 50
35 56 47
36 56 58
37 56 58
38 56 46
39 56 56
40 56 66
41 56 58
42 56 38
43 56 10
44 56 22
45 56 47
46 56 60
47 56 53
48 56 70
49 56 63
50 56 54
51 56 40
52 56 62
53 56 55
54 56 90
55 56 75
56 56 92
57 56 98
58 56 100
59 56 84
60 56 74
61 56 65
62 56 51
63 56 53
64 56 74
65 56 60
66 56 66
67 56 43
68 56 68
69 56 50
70 56 53
71 56 36
72 56 28
73 56 46
74 56 47
75 56 59
76 56 38
77 56 43
78 56 46
79 56 47
80 56 26
81 56 44
82 56 30
83 56 42
84 56 25
85 56 39
86 56 22
87 56 12
88 56 20
89 56 21
90 56 18
91 56 13
92 56 23
93 56 26
94 56 52
95 56 54
96 56 41
97 56 38
98 56 36
99 56 35
100 56 58
101 56 53
102 56 20
103 56 15
104 56 17
105 56 9
106 56 11
107 56 3
108 56 8
109 56 12
110 56 2
111 56 25
112 56 25
113 56 13
114 56 17
115 56 5
116 56 11
117 56 6
118 56 17
119 56 11
0 55 13
1 55 21
2 55 9
3 55 24
4 55 11
5 55 5
6 55 3
7 55 20
8 55 12
9 55 13
10 55 16
11 55 0
12 55 13
13 55 7
14 55 19
15 55 6
16 55 19
17 55 20
18 55 40
19 55 38
20 55 23
21 55 29
22 55 40
23 55 25
24 55 21
25 55 55
26 55 49
27 55 37
28 55 33
29 55 42
30 55 22
31 55 30
32 55 33
33 55 34
34 55 41
35 55 52
36 55 55
37 55 45
38 55 52
39 55 55
40 55 39
41 55 54
42 55 29
43 55 16
44 55 25
45 55 27
46 55 13
47 55 27
48 55 34
49 55 45
50 55 41
51 55 43
52 55 47
53 55 60
54 55 49
55 55 42
56 55 38
57 55 35
58 55 58
59 55 60
60 55 60
61 55 51
62 55 43
63 55 34
64 55 17
65 55 39
66 55 33
67 55 34
68 55 39
69 55 26
70 55 18
71 55 23
72 55 33
73 55 50
74 55 49
75 55 54
76 55 40
77 55 56
78 55 36
79 55 31
80 55 31
81 55 25
82 55 27
83 55 34
84 55 22
85 55 10
86 55 12
87 55 21
88 55 8
89 55 7
90 55 31
91 55 26
92 55 10
93 55 12
94 55 23
95 55 29
96 55 32
97 55 31
98 55 41
99 55 39
100 55 48
101 55 12
102 55 5
103 55 11
104 55 18
105 55 10
106 55 4
107 55 23
108 55 9
109 55 17
110 55 7
111 55 6
112 55 16
113 55 13
114 55 10
115 55 12
116 55 21
117 55 6
118 55 25
119 55 2
0 54 7
1 54 5
2 54 10
3 54 9
4 54 3
5 54 17
6 54 12
7 54 8
8 54 5
9 54 16
10 54 3
11 54 1
12 54 16
13 54 16
14 54 18
15 54 4
16 54 11
17 54 25
18 54 41
19 54 41
20 54 35
21 54 24
22 54 34
23 54 38
24 54 25
25 54 46
26 54 26
27 54 28
28 54 25
29 54 14
30 54 19
31 54 44
32 54 35
33 54 42
34 54 37
35 54 34
36 54 47
37 54 38
38 54 37
39 54 46
40 54 49
41 54 67
42 54 28
43 54 14
44 54 23
45 54 13
46 54 21
47 54 12
48 54 20
49 54 52
50 54 34
51 54 30
52 54 31
53 54 32
54 54 48
55 54 27
56 54 44
57 54 43
58 54 23
59 54 30
60 54 19
61 54 15
62 54 20
63 54 24
64 54 24
65 54 17
66 54 22
67 54 15
68 54 17
69 54 12
70 54 25
71 54 25
72 54 33
73 54 51
74 54 58
75 54 39
76 54 36
77 54 39
78 54 39
79 54 34
80 54 29
81 54 28
82 54 22
83 54 18
84 54 20
85 54 14
86 54 25
87 54 33
88 54 6
89 54 8
90 54 9
91 54 14
92 54 5
93 54 9
94 54 3
95 54 19
96 54 30
97 54 17
98 54 55
99 54 60
100 54 31
101 54 16
102 54 7
103 54 12
104 54 8
105 54 7
106 54 17
107 54 3
108 54 6
109 54 1
110 54 3
111 54 11
112 54 9
113 54 6
114 54 15
115 54 7
116 54 17
117 54 17
118 54 27
119 54 8
0 53 14
1 53 8
2 53 6
3 53 6
4 53 4
5 53 4
6 53 3
7 53 9
8 53 7
9 53 7
10 53 12
11 53 5
12 53 3
13 53 10
14 53 11
15 53 3
16 53 18
17 53 17
18 53 29
19 53 30
20 53 20
21 53 11
22 53 17
23 53 14
24 53 21
25 53 8
26 53 14
27 53 10
28 53 14
29 53 15
30 53 7
31 53 32
32 53 52
33 53 44
34 53 39
35 53 32
36 53 39
37 53 23
38 53 42
39 53 44
40 53 34
41 53 31
42 53 12
43 53 16
44 53 11
45 53 12
46 53 4
47 53 21
48 53 19
49 53 24
50 53 26
51 53 15
52 53 20
53 53 32
54 53 27
55 53 40
56 53 28
57 53 34
58 53 24
59 53 21
60 53 24
61 53 21
62 53 11
63 53 22
64 53 21
65 53 19
66 53 28
67 53 12
68 53 26
69 53 5
70 53 16
71 53 5
72 53 17
73 53 46
74 53 49
75 53 44
76 53 32
77 53 45
78 53 21
79 53 39
80 53 36
81 53 18
82 53 4
83 53 8
84 53 15
85 53 26
86 53 20
87 53 12
88 53 15
89 53 17
90 53 13
91 53 13
92 53 18
93 53 20
94 53 20
95 53 9
96 53 12
97 53 38
98 53 66
99 53 35
100 53 6
101 53 15
102 53 8
103 53 11
104 53 23
105 53 10
106 53 12
107 53 3
108 53 21
109 53 15
110 53 10
111 53 15
112 53 20
113 53 3
114 53 13
115 53 4
116 53 5
117 53 21
118 53 8
119 53 6
0 52 13
1 52 18
2 52 18
3 52 11
4 52 8
5 52 14
6 52 21
7 52 7
8 52 2
9 52 9
10 52 7
11 52 14
12 52 4
13 52 15
14 52 7
15 52 4
16 52 9
17 52 10
18 52 17
19 52 11
20 52 23
21 52 13
22 52 6
23 52 6
24 52 21
25 52 8
26 52 14
27 52 5
28 52 5
29 52 10
30 52 9
31 52 9
32 52 22
33 52 41
34 52 17
35 52 44
36 52 26
37 52 32
38 52 43
39 52 29
40 52 14
41 52 7
42 52 6
43 52 3
44 52 9
45 52 6
46 52 12
47 52 4
48 52 12
49 52 13
50 52 16
51 52 14
52 52 18
53 52 27
54 52 16
55 52 12
56 52 38
57 52 24
58 52 22
59 52 10
60 52 23
61 52 22
62 52 16
63 52 12
64 52 15
65 52 27
66 52 14
67 52 14
68 52 11
69 52 4
70 52 7
71 52 9
72 52 5
73 52 34
74 52 37
75 52 30
76 52 47
77 52 17
78 52 43
79 52 32
80 52 12
81 52 14
82 52 12
83 52 9
84 52 7
85 52 18
86 52 22
87 52 12
88 52 23
89 52 17
90 52 9
91 52 12
92 52 7
93 52 21
94 52 5
95 52 6
96 52 34
97 52 32
98 52 39
99 52 6
100 52 12
101 52 9
102 52 4
103 52 6
104 52 14
105 52 7
106 52 10
107 52 15
108 52 2
109 52 13
110 52 16
111 52 1
112 52 4
113 52 14
114 52 17
115 52 11
116 52 2
117 52 4
118 52 24
119 52 25
0 51 17
1 51 5
2 51 22
3 51 13
4 51 16
5 51 19
6 51 22
7 51 9
8 51 5
9 51 20
10 51 5
11 51 15
12 51 9
13 51 15
14 51 11
15 51 7
16 51 8
17 51 13
18 51 5
19 51 7
20 51 11
21 51 13
22 51 10
23 51 19
24 51 11
25 51 18
26 51 2
27 51 8
28 51 1
29 51 6
30 51 4
31 51 2
32 51 13
33 51 13
34 51 19
35 51 29
36 51 13
37 51 24
38 51 20
39 51 2
40 51 11
41 51 19
42 51 9
43 51 13
44 51 5
45 51 9
46 51 5
47 51 4
48 51 6
49 51 23
50 51 15
51 51 10
52 51 17
53 51 10
54 51 5
55 51 3
56 51 7
57 51 18
58 51 11
59 51 8
60 51 8
61 51 14
62 51 17
63 51 1
64 51 5
65 51 9
66 51 9
67 51 12
68 51 4
69 51 5
70 51 12
71 51 11
72 51 8
73 51 3
74 51 19
75 51 32
76 51 37
77 51 27
78 51 30
79 51 16
80 51 23
81 51 9
82 51 14
83 51 4
84 51 7
85 51 8
86 51 15
87 51 24
88 51 13
89 51 6
90 51 4
91 51 7
92 51 2
93 51 1
94 51 7
95 51 16
96 51 36
97 51 27
98 51 20
99 51 23
100 51 4
101 51 9
102 51 8
103 51 6
104 51 8
105 51 10
106 51 10
107 51 10
108 51 16
109 51 13
110 51 4
111 51 1
112 51 16
113 51 17
114 51 10
115 51 12
116 51 3
117 51 2
118 51 17
119 51 9
0 50 2
1 50 9
2 50 13
3 50 1
4 50 15
5 50 4
6 50 2
7 50 5
8 50 3
9 50 3
10 50 19
11 50 13
12 50 12
13 50 1
14 50 2
15 50 21
16 50 7
17 50 10
18 50 12
19 50 11
20 50 9
21 50 13
22 50 9
23 50 13
24 50 13
25 50 12
26 50 22
27 50 9
28 50 3
29 50 11
30 50 11
31 50 17
32 50 15
33 50 8
34 50 17
35 50 8
36 50 8
37 50 9
38 50 11
39 50 16
40 50 15
41 50 5
42 50 10
43 50 11
44 50 15
45 50 2
46 50 10
47 50 5
48 50 12
49 50 9
50 50 16
51 50 6
52 50 2
53 50 13
54 50 7
55 50 9
56 50 6
57 50 5
58 50 13
59 50 14
60 50 9
61 50 9
62 50 9
63 50 4
64 50 8
65 50 7
66 50 16
67 50 2
68 50 14
69 50 11
70 50 7
71 50 11
72 50 2
73 50 4
74 50 8
75 50 19
76 50 8
77 50 10
78 50 22
79 50 10
80 50 8
81 50 8
82 50 0
83 50 5
84 50 3
85 50 3
86 50 14
87 50 19
88 50 23
89 50 14
90 50 9
91 50 4
92 50 7
93 50 13
94 50 19
95 50 20
96 50 32
97 50 11
98 50 15
99 50 14
100 50 11
101 50 16
102 50 14
103 50 12
104 50 10
105 50 7
106 50 20
107 50 6
108 50 19
109 50 16
110 50 15
111 50 12
112 50 16
113 50 7
114 50 11
115 50 13
116 50 9
117 50 10
118 50 4
119 50 22
0 49 14
1 49 3
2 49 16
3 49 8
4 49 9
5 49 10
6 49 7
7 49 6
8 49 10
9 49 10
10 49 9
11 49 6
12 49 7
13 49 7
14 49 0
15 49 9
16 49 10
17 49 11
18 49 14
19 49 11
20 49 28
21 49 4
22 49 12
23 49 21
24 49 11
25 49 14
26 49 4
27 49 16
28 49 15
29 49 17
30 49 3
31 49 19
32 49 8
33 49 9
34 49 16
35 49 9
36 49 15
37 49 1
38 49 10
39 49 3
40 49 7
41 49 7
42 49 7
43 49 14
44 49 14
45 49 4
46 49 1
47 49 13
48 49 2
49 49 16
50 49 6
51 49 12
52 49 18
53 49 10
54 49 4
55 49 4
56 49 4
57 49 11
58 49 13
59 49 1
60 49 9
61 49 1
62 49 3
63 49 5
64 49 11
65 49 15
66 49 9
67 49 5
68 49 10
69 49 12
70 49 1
71 49 17
72 49 22
73 49 6
74 49 6
75 49 7
76 49 4
77 49 5
78 49 18
79 49 12
80 49 7
81 49 13
82 49 7
83 49 10
84 49 5
85 49 22
86 49 14
87 49 15
88 49 12
89 49 16
90 49 14
91 49 11
92 49 11
93 49 17
94 49 24
95 49 20
96 49 13
97 49 10
98 49 11
99 49 6
100 49 4
101 49 9
102 49 15
103 49 12
104 49 25
105 49 2
106 49 17
107 49 15
108 49 9
109 49 9
110 49 14
111 49 11
112 49 9
113 49 13
114 49 11
115 49 1
116 49 4
117 49 9
118 49 14
119 49 13
0 48 19
1 48 15
2 48 9
3 48 7
4 48 12
5 48 21
6 48 15
7 48 15
8 48 15
9 48 11
10 48 11
11 48 17
12 48 3
13 48 9
14 48 5
15 48 10
16 48 5
17 48 18
18 48 17
19 48 0
20 48 16
21 48 12
22 48 11
23 48 10
24 48 11
25 48 8
26 48 15
27 48 5
28 48 12
29 48 12
30 48 13
31 48 9
32 48 12
33 48 7
34 48 5
35 48 11
36 48 9
37 48 7
38 48 12
39 48 6
40 48 9
41 48 25
42 48 6
43 48 11
44 48 13
45 48 8
46 48 15
47 48 7
48 48 17
49 48 7
50 48 21
51 48 17
52 48 9
53 48 7
54 48 6
55 48 6
56 48 21
57 48 2
58 48 4
59 48 14
60 48 16
61 48 6
62 48 17
63 48 7
64 48 12
65 48 21
66 48 7
67 48 22
68 48 8
69 48 5
70 48 15
71 48 1
72 48 15
73 48 6
74 48 23
75 48 22
76 48 8
77 48 14
78 48 17
79 48 11
80 48 12
81 48 15
82 48 12
83 48 15
84 48 13
85 48 1
86 48 5
87 48 7
88 48 5
89 48 4
90 48 4
91 48 10
92 48 1
93 48 13
94 48 9
95 48 10
96 48 11
97 48 4
98 48 4
99 48 6
100 48 16
101 48 9
102 48 13
103 48 12
104 48 18
105 48 14
106 48 10
107 48 14
108 48 8
109 48 10
110 48 9
111 48 8
112 48 3
113 48 7
114 48 4
115 48 11
116 48 4
117 48 13
118 48 13
119 48 21
0 47 11
1 47 20
2 47 12
3 47 9
4 47 15
5 47 5
6 47 23
7 47 9
8 47 11
9 47 1
10 47 12
11 47 14
12 47 10
13 47 12
14 47 8
15 47 7
16 47 6
17 47 2
18 47 7
19 47 5
20 47 5
21 47 8
22 47 3
23 47 9
24 47 12
25 47 9
26 47 12
27 47 15
28 47 5
29 47 3
30 47 3
31 47 9
32 47 11
33 47 10
34 47 7
35 47 9
36 47 8
37 47 5
38 47 2
39 47 10
40 47 14
41 47 11
42 47 15
43 47 9
44 47 5
45 47 4
46 47 5
47 47 13
48 47 14
49 47 14
50 47 19
51 47 8
52 47 21
53 47 3
54 47 14
55 47 8
56 47 7
57 47 20
58 47 7
59 47 14
60 47 19
61 47 15
62 47 12
63 47 2
64 47 7
65 47 2
66 47 6
67 47 8
68 47 16
69 47 11
70 47 7
71 47 1
72 47 2
73 47 9
74 47 8
75 47 8
76 47 11
77 47 13
78 47 12
79 47 16
80 47 15
81 47 16
82 47 6
83 47 2
84 47 5
85 47 2
86 47 15
87 47 4
88 47 3
89 47 6
90 47 7
91 47 11
92 47 15
93 47 3
94 47 6
95 47 5
96 47 10
97 47 14
98 47 2
99 47 3
100 47 18
101 47 15
102 47 9
103 47 14
104 47 8
105 47 9
106 47 3
107 47 4
108 47 5
109 47 8
110 47 16
111 47 12
112 47 14
113 47 4
114 47 6
115 47 18
116 47 2
117 47 7
118 47 11
119 47 19
0 46 18
1 46 14
2 46 7
3 46 6
4 46 2
5 46 16
6 46 15
7 46 6
8 46 6
9 46 6
10 46 5
11 46 14
12 46 3
13 46 12
14 46 8
15 46 7
16 46 5
17 46 9
18 46 4
19 46 11
20 46 5
21 46 13
22 46 10
23 46 18
24 46 8
25 46 12
26 46 21
27 46 5
28 46 6
29 46 14
30 46 5
31 46 12
32 46 2
33 46 10
34 46 10
35 46 6
36 46 11
37 46 11
38 46 18
39 46 15
40 46 11
41 46 21
42 46 2
43 46 15
44 46 22
45 46 11
46 46 9
47 46 14
48 46 12
49 46 7
50 46 14
51 46 7
52 46 18
53 46 16
54 46 10
55 46 5
56 46 11
57 46 8
58 46 11
59 46 6
60 46 3
61 46 6
62 46 13
63 46 11
64 46 8
65 46 9
66 46 6
67 46 3
68 46 7
69 46 23
70 46 9
71 46 3
72 46 1
73 46 7
74 46 7
75 46 15
76 46 12
77 46 7
78 46 8
79 46 15
80 46 5
81 46 8
82 46 15
83 46 11
84 46 11
85 46 1
86 46 12
87 46 12
88 46 9
89 46 10
90 46 2
91 46 16
92 46 4
93 46 7
94 46 8
95 46 6
96 46 9
97 46 7
98 46 4
99 46 1
100 46 10
101 46 5
102 46 16
103 46 15
104 46 3
105 46 13
106 46 5
107 46 5
108 46 8
109 46 1
110 46 5
111 46 18
112 46 11
113 46 8
114 46 5
115 46 11
116 46 16
117 46 6
118 46 16
119 46 23
0 45 6
1 45 9
2 45 14
3 45 8
4 45 8
5 45 6
6 45 19
7 45 9
8 45 15
9 45 7
10 45 20
11 45 11
12 45 20
13 45 13
14 45 15
15 45 12
16 45 3
17 45 3
18 45 17
19 45 14
20 45 0
21 45 5
22 45 3
23 45 14
24 45 7
25 45 5
26 45 7
27 45 10
28 45 11
29 45 3
30 45 8
31 45 3
32 45 8
33 45 4
34 45 8
35 45 9
36 45 13
37 45 4
38 45 16
39 45 7
40 45 10
41 45 6
42 45 12
43 45 10
44 45 25
45 45 31
46 45 15
47 45 13
48 45 18
49 45 12
50 45 12
51 45 10
52 45 3
53 45 21
54 45 9
55 45 20
56 45 13
57 45 9
58 45 12
59 45 14
60 45 18
61 45 12
62 45 19
63 45 14
64 45 20
65 45 5
66 45 12
67 45 15
68 45 18
69 45 10
70 45 7
71 45 8
72 45 17
73 45 14
74 45 18
75 45 16
76 45 18
77 45 12
78 45 1
79 45 14
80 45 4
81 45 6
82 45 6
83 45 6
84 45 8
85 45 20
86 45 0
87 45 14
88 45 16
89 45 5
90 45 13
91 45 7
92 45 6
93 45 2
94 45 8
95 45 7
96 45 6
97 45 12
98 45 12
99 45 4
100 45 8
101 45 11
102 45 19
103 45 16
104 45 19
105 45 1
106 45 22
107 45 13
108 45 5
109 45 11
110 45 8
111 45 12
112 45 12
113 45 5
114 45 4
115 45 6
116 45 7
117 45 11
118 45 15
119 45 13
0 44 8
1 44 20
2 44 11
3 44 12
4 44 7
5 44 17
6 44 9
7 44 17
8 44 5
9 44 22
10 44 3
11 44 15
12 44 8
13 44 9
14 44 12
15 44 15
16 44 14
17 44 20
18 44 0
19 44 11
20 44 13
21 44 2
22 44 18
23 44 9
24 44 12
25 44 11
26 44 2
27 44 8
28 44 8
29 44 26
30 44 14
31 44 2
32 44 4
33 44 8
34 44 21
35 44 7
36 44 4
37 44 10
38 44 7
39 44 11
40 44 2
41 44 5
42 44 20
43 44 10
44 44 9
45 44 18
46 44 16
47 44 22
48 44 16
49 44 5
50 44 16
51 44 26
52 44 12
53 44 8
54 44 6
55 44 6
56 44 10
57 44 12
58 44 21
59 44 12
60 44 8
61 44 17
62 44 9
63 44 13
64 44 23
65 44 21
66 44 12
67 44 13
68 44 15
69 44 25
70 44 16
71 44 9
72 44 18
73 44 9
74 44 15
75 44 4
76 44 13
77 44 31
78 44 3
79 44 11
80 44 13
81 44 14
82 44 8
83 44 4
84 44 5
85 44 0
86 44 6
87 44 5
88 44 9
89 44 4
90 44 7
91 44 10
92 44 10
93 44 4
94 44 16
95 44 4
96 44 6
97 44 11
98 44 4
99 44 13
100 44 10
101 44 2
102 44 9
103 44 9
104 44 30
105 44 14
106 44 2
107 44 3
108 44 8
109 44 20
110 44 13
111 44 12
112 44 1
113 44 19
114 44 16
115 44 5
116 44 1
117 44 20
118 44 6
119 44 12
0 43 12
1 43 11
2 43 7
3 43 4
4 43 9
5 43 19
6 43 16
7 43 10
8 43 13
9 43 21
10 43 12
11 43 14
12 43 15
13 43 17
14 43 7
15 43 4
16 43 8
17 43 24
18 43 11
19 43 7
20 43 5
21 43 13
22 43 1
23 43 10
24 43 11
25 43 4
26 43 15
27 43 7
28 43 6
29 43 15
30 43 10
31 43 6
32 43 11
33 43 2
34 43 15
35 43 9
36 43 12
37 43 9
38 43 19
39 43 4
40 43 27
41 43 23
42 43 14
43 43 18
44 43 20
45 43 11
46 43 23
47 43 9
48 43 20
49 43 11
50 43 17
51 43 3
52 43 21
53 43 14
54 43 6
55 43 15
56 43 12
57 43 26
58 43 12
59 43 21
60 43 22
61 43 3
62 43 13
63 43 17
64 43 1
65 43 23
66 43 14
67 43 12
68 43 13
69 43 1
70 43 15
71 43 9
72 43 19
73 43 17
74 43 15
75 43 3
76 43 8
77 43 6
78 43 4
79 43 7
80 43 2
81 43 19
82 43 4
83 43 8
84 43 7
85 43 18
86 43 18
87 43 2
88 43 4
89 43 14
90 43 14
91 43 9
92 43 5
93 43 11
94 43 6
95 43 17
96 43 11
97 43 6
98 43 12
99 43 14
100 43 13
101 43 18
102 43 7
103 43 11
104 43 12
105 43 9
106 43 10
107 43 27
108 43 0
109 43 2
110 43 11
111 43 15
112 43 13
113 43 5
114 43 7
115 43 6
116 43 23
117 43 1
118 43 4
119 43 12
0 42 10
1 42 8
2 42 10
3 42 15
4 42 12
5 42 31
6 42 15
7 42 4
8 42 20
9 42 5
10 42 18
11 42 26
12 42 15
13 42 2
14 42 28
15 42 5
16 42 11
17 42 8
18 42 11
19 42 2
20 42 6
21 42 14
22 42 1
23 42 7
24 42 6
25 42 15
26 42 3
27 42 8
28 42 18
29 42 12
30 42 15
31 42 9
32 42 14
33 42 14
34 42 16
35 42 14
36 42 19
37 42 6
38 42 21
39 42 15
40 42 11
41 42 15
42 42 32
43 42 12
44 42 23
45 42 16
46 42 14
47 42 5
48 42 15
49 42 8
50 42 20
51 42 22
52 42 19
53 42 11
54 42 7
55 42 14
56 42 14
57 42 4
58 42 26
59 42 19
60 42 7
61 42 35
62 42 14
63 42 21
64 42 9
65 42 9
66 42 11
67 42 7
68 42 20
69 42 19
70 42 11
71 42 12
72 42 17
73 42 13
74 42 5
75 42 9
76 42 13
77 42 12
78 42 7
79 42 1
80 42 11
81 42 13
82 42 2
83 42 7
84 42 3
85 42 9
86 42 6
87 42 3
88 42 3
89 42 6
90 42 11
91 42 22
92 42 6
93 42 1
94 42 18
95 42 7
96 42 13
97 42 8
98 42 4
99 42 4
100 42 16
101 42 4
102 42 11
103 42 14
104 42 8
105 42 7
106 42 8
107 42 8
108 42 24
109 42 19
110 42 1
111 42 11
112 42 9
113 42 15
114 42 19
115 42 15
116 42 3
117 42 30
118 42 6
119 42 14
0 41 23
1 41 7
2 41 10
3 41 25
4 41 9
5 41 27
6 41 0
7 41 5
8 41 10
9 41 12
10 41 6
11 41 18
12 41 9
13 41 8
14 41 10
15 41 6
16 41 8
17 41 4
18 41 18
19 41 10
20 41 7
21 41 12
22 41 25
23 41 4
24 41 18
25 41 14
26 41 5
27 41 30
28 41 14
29 41 9
30 41 16
31 41 6
32 41 12
33 41 12
34 41 18
35 41 6
36 41 6
37 41 18
38 41 16
39 41 8
40 41 9
41 41 7
42 41 16
43 41 25
44 41 15
45 41 2
46 41 15
47 41 12
48 41 9
49 41 14
50 41 17
51 41 5
52 41 5
53 41 3
54 41 16
55 41 4
56 41 0
57 41 7
58 41 26
59 41 12
60 41 27
61 41 17
62 41 7
63 41 3
64 41 3
65 41 3
66 41 16
67 41 12
68 41 24
69 41 10
70 41 13
71 41 23
72 41 3
73 41 7
74 41 2
75 41 6
76 41 13
77 41 11
78 41 6
79 41 13
80 41 3
81 41 5
82 41 23
83 41 4
84 41 10
85 41 11
86 41 9
87 41 10
88 41 13
89 41 14
90 41 13
91 41 16
92 41 3
93 41 11
94 41 4
95 41 16
96 41 12
97 41 13
98 41 5
99 41 4
100 41 20
101 41 10
102 41 8
103 41 12
104 41 8
105 41 15
106 41 19
107 41 20
108 41 12
109 41 15
110 41 16
111 41 12
112 41 8
113 41 13
114 41 20
115 41 17
116 41 5
117 41 3
118 41 9
119 41 14
0 40 16
1 40 10
2 40 19
3 40 14
4 40 15
5 40 9
6 40 18
7 40 5
8 40 9
9 40 20
10 40 20
11 40 16
12 40 12
13 40 7
14 40 7
15 40 0
16 40 13
17 40 4
18 40 5
19 40 9
20 40 2
21 40 11
22 40 10
23 40 11
24 40 23
25 40 3
26 40 14
27 40 7
28 40 23
29 40 23
30 40 14
31 40 22
32 40 16
33 40 12
34 40 9
35 40 25
36 40 3
37 40 11
38 40 1
39 40 16
40 40 8
41 40 7
42 40 25
43 40 19
44 40 23
45 40 4
46 40 24
47 40 17
48 40 12
49 40 28
50 40 11
51 40 14
52 40 9
53 40 17
54 40 13
55 40 11
56 40 8
57 40 17
58 40 9
59 40 14
60 40 5
61 40 1
62 40 8
63 40 5
64 40 21
65 40 7
66 40 15
67 40 3
68 40 19
69 40 16
70 40 23
71 40 4
72 40 20
73 40 6
74 40 7
75 40 9
76 40 9
77 40 8
78 40 16
79 40 10
80 40 10
81 40 19
82 40 1
83 40 5
84 40 3
85 40 14
86 40 8
87 40 2
88 40 10
89 40 11
90 40 18
91 40 10
92 40 14
93 40 18
94 40 14
95 40 11
96 40 20
97 40 12
98 40 9
99 40 13
100 40 5
101 40 9
102 40 10
103 40 13
104 40 6
105 40 8
106 40 10
107 40 22
108 40 1
109 40 8
110 40 25
111 40 10
112 40 25
113 40 10
114 40 20
115 40 17
116 40 4
117 40 11
118 40 14
119 40 13
