# title: Three random clouds.

# Points randomly generated, clustered in three clouds.
#
# --Ernst <mucke@cs.uiuc.edu>

# [n = 300, int coordinates]
-542 -2342 -2116 
-558 -1864 -1930 
-969 -1314 -1451 
-1315 -1369 -817 
-1293 -981 -1681 
-1682 -1138 -1975 
-1911 -2385 -2242 
-1109 -1724 -1311 
-1624 -1699 -1682 
-1386 -1740 -2276 
-957 -1629 -1923 
-540 -2077 -1673 
-2230 -675 -1803 
-2213 -945 -2076 
-866 -1282 -526 
-2054 -2273 -1779 
-657 -737 -735 
-1820 -1013 -1043 
-1262 -2281 -2104 
-1612 -851 -640 
-2339 -1752 -1925 
-554 -606 -2275 
-837 -2430 -1729 
-1442 -1934 -1679 
-1502 -944 -829 
-1272 -2174 -1319 
-579 -1749 -2169 
-2496 -1033 -2261 
-635 -1165 -1684 
-2189 -2259 -1125 
-1049 -687 -1886 
-2320 -1363 -1483 
-1909 -1476 -1156 
-2309 -1058 -1744 
-505 -920 -2169 
-1800 -1217 -1034 
-1525 -1184 -2271 
-1744 -945 -1277 
-926 -612 -1641 
-2200 -918 -1092 
-1937 -1525 -749 
-2045 -661 -1220 
-1183 -569 -1984 
-1958 -513 -1638 
-1825 -1523 -1763 
-1143 -2363 -1642 
-2246 -1823 -2013 
-2025 -733 -1452 
-2018 -1455 -1559 
-1088 -1018 -2382 
-1067 -2278 -585 
-2293 -677 -1780 
-2319 -733 -2401 
-892 -1816 -1890 
-1414 -1752 -1621 
-533 -2134 -2182 
-1563 -593 -2388 
-1280 -587 -955 
-2149 -880 -1091 
-990 -2330 -914 
-2196 -1142 -1645 
-1963 -2484 -2187 
-587 -730 -1268 
-1570 -2210 -764 
-757 -1327 -922 
-836 -1255 -958 
-2217 -1099 -2082 
-1122 -2211 -1749 
-1114 -1357 -1951 
-805 -1629 -1266 
-1665 -931 -1359 
-1721 -2035 -987 
-745 -1393 -2021 
-1351 -1901 -2251 
-1208 -2353 -1454 
-1445 -1589 -2082 
-1982 -1252 -2180 
-1583 -1832 -1591 
-1467 -1958 -1440 
-1816 -1908 -1859 
-2232 -1252 -1778 
-520 -1604 -1325 
-2261 -2189 -1313 
-2447 -2013 -2341 
-1522 -1729 -1868 
-1058 -2155 -1772 
-1760 -2298 -2275 
-1377 -1439 -554 
-1556 -1479 -1236 
-1642 -629 -1186 
-1962 -674 -2331 
-1035 -2375 -2076 
-2011 -2364 -2059 
-2267 -1731 -2235 
-2153 -2011 -2186 
-1226 -839 -1672 
-710 -957 -1569 
-532 -589 -2028 
-978 -2324 -831 
-1082 -2086 -1387 
819 2103 644 
1557 1666 714 
1242 1016 1274 
690 1535 804 
2113 1482 2180 
981 2263 1868 
964 980 1039 
2442 2072 1295 
2074 987 637 
504 952 855 
960 672 2477 
1056 750 994 
516 1910 1278 
1503 1207 2137 
1659 557 1370 
972 1315 1599 
2027 878 513 
1842 522 1943 
730 845 1320 
2341 1497 1606 
513 693 892 
1380 728 1488 
587 2104 1623 
1850 1899 1435 
1252 1740 1127 
1238 1074 1884 
1657 1619 924 
738 716 679 
2274 938 1153 
1660 1329 855 
1043 1200 1364 
942 731 2335 
781 2158 1042 
2305 1809 800 
1338 2323 1111 
2259 699 2294 
1983 1540 1055 
874 1266 1552 
621 617 2029 
841 774 1539 
1293 1481 2112 
1597 2025 1690 
838 1576 1282 
1746 1788 2435 
956 559 1763 
1488 1769 2374 
1760 742 682 
2027 685 2380 
1572 2112 1293 
1281 2116 1838 
2192 1931 2147 
628 794 1446 
1144 562 2276 
2024 2160 1620 
512 1670 1070 
1231 1740 2201 
2114 526 638 
1790 811 1273 
1961 1728 1644 
1130 1811 1094 
687 719 1943 
860 573 1694 
1961 819 2425 
1789 509 1015 
2015 604 1222 
1380 752 1529 
1471 1080 1082 
2001 2283 1446 
2442 2279 1166 
1696 1953 2006 
2344 673 1559 
2118 1428 2302 
1457 1233 2340 
1355 1236 1139 
2170 1229 1495 
979 711 1731 
1194 1235 1860 
2386 2281 617 
1362 1445 702 
2347 1281 2401 
714 1133 1539 
1434 1602 1434 
2286 808 1433 
1716 2371 1191 
2001 2220 1059 
2225 2384 2176 
1786 619 1716 
903 2210 1266 
1831 1341 1624 
2324 2081 1391 
925 2382 1121 
822 1132 825 
1513 1444 2254 
579 571 2143 
815 2191 1735 
944 1374 748 
1282 619 1576 
1510 2230 1228 
1761 974 2060 
1365 2375 810 
80 -59 51 
30 104 -110 
74 198 29 
27 -85 -123 
188 195 52 
60 -103 191 
-86 146 -86 
-52 18 44 
-154 -77 -101 
66 -53 -66 
81 -79 98 
-185 -29 48 
67 -188 -193 
-29 135 -123 
-126 80 -15 
-167 98 -74 
-148 163 151 
103 68 97 
-19 25 -44 
-74 -21 0 
50 12 -191 
72 28 12 
131 -10 177 
-71 103 -36 
-65 95 -176 
30 -144 -129 
105 88 68 
183 -111 -196 
-131 147 136 
29 156 -106 
-147 44 -161 
-9 -91 5 
119 -36 91 
24 -53 -89 
107 -183 -50 
67 -180 23 
-191 108 33 
92 -152 34 
-50 58 -35 
-164 26 80 
-88 -117 121 
-178 105 86 
-105 -2 -133 
143 4 -65 
88 -72 2 
-63 -148 87 
-161 146 -117 
42 -190 -182 
113 43 -88 
24 -66 -174 
-196 170 62 
61 104 111 
-199 -32 46 
-34 47 -3 
4 -78 -127 
-30 -125 -132 
-144 197 143 
199 -153 -177 
5 -55 -137 
-52 5 78 
-154 -194 -140 
-108 166 4 
-160 7 -153 
-193 50 154 
-52 -114 53 
74 110 190 
153 19 -141 
-125 86 -66 
-100 165 -176 
-79 -126 59 
-113 149 -130 
-8 124 -26 
26 -136 -69 
-83 122 -7 
-165 45 74 
42 -66 126 
-137 100 -199 
-131 -163 -86 
11 193 -60 
-94 13 -5 
41 1 -3 
85 141 24 
-5 -57 160 
-95 128 41 
139 -89 97 
-180 -159 -24 
-152 167 131 
-164 -180 195 
181 115 -122 
-75 -75 112 
-45 -50 37 
38 104 181 
-180 70 -119 
127 65 -137 
103 -108 -62 
-126 141 33 
-24 -126 89 
-132 43 62 
155 12 197 
116 175 -60 
