1717
3
  1470    313   6154
  15137  14101  13684
   7446   6310    712
   8373   8326   1784
   6821   9149   2144
   6910   3184   2584
   7453  13588   2450
  11388   6110   2900
   6077  13893   4273
  15690  15282   5397
   3949   1088   5317
   8447  10109   4415
   8654   9861   4713
   7638   7876   4881
  14007  14695   6910
   7858  11670   6445
  13771  14537   6733
   7798  11743   6477
   7822  11699   6391
  12160  15255   7779
   1164   4488   8818
   2956   9128   8760
   9069   3769   9819
  11800    935  10050
  14673  13713  12228
  15129   7377  13533
  15159  14090  13734
  14733  10770  14424
   5532  13017     98
   6666  10903    406
  10457   6442    285
   7438   6309    719
   7428   6513    759
  13786  10180    298
   9665  11033   2509
   9005   8645   1747
   9140  10666   1861
    903  13210   1478
   9526  10915   2319
   7317  13611   2402
  12868  15690   2539
   7683   8604   2259
  11546   1595   2355
   6680  13580   2684
  11316   6113   2802
   6876   3196   2648
  11284   5878   3009
  10574  10773   2958
  10032   9715   2982
  12093  14768   3255
   8564  13351   4178
   7582   7997   3261
  10286  10997   2773
  11351  11905   3972
   7470   2447   4303
  15607  15250   5381
  15601  15243   5413
   7541   7791   4867
   8443  10148   4453
   8053  14214   5173
   6179   8235   4889
   8730   9853   4735
  14325   8844   6250
   8432   8821   5240
   7722   7950   4959
   7147   6834   5349
   7156   6814   5349
   7477   6634   5381
   9039   9519   5242
   9028   9493   5235
   8091   1460   5590
  14180   8909   6258
  12959  14104   6900
   2291    349   6441
   2415    219   6338
  12805   3226   6965
  12792   3299   6880
  12861   3242   6866
   8461   6968   6556
  13763  14722   6823
   1631    195   6606
   3792    362   6757
  14897   1028   7370
   1663    243   6677
   1852   1282   7389
  12369  15963   8656
  11290  12962   7526
   1374   3845   8816
   2973   8883   8702
   8795   5061   8459
   1184   4520   9014
   6302   3863   8646
   2958   8939   8737
  15858    227   8419
   1213   4456   8951
   1008   4689   9154
   1511  12163   9109
   3073  10785   9868
   3089  10736   9860
   1455  14524   9763
   5780  13742  10382
  14561  15281  10619
  12736   1628  11108
     76   6970  11686
   8108  15414  11351
  14598  13767  12180
  10085   6608  13337
  15112   7040  13134
  15135   6971  13045
  15402  13631  13632
  10868   6186  14356
   8482   7200  15222
  14170   5380  13639
  14735   9466  14778
  14381   6101  13732
  13240  14848  14355
  15102   7756  14211
  15252  14066  13817
   8592  11683    582
  15230  14186  14724
   5471  13006     79
   9634    638    825
  11062    141    571
   8883  15342   1091
   9064  15451   1183
   6763   5318    993
   7363   6543    678
  10218   8117   1592
   5250   4640   1304
   7917   8884   2282
   4614  12770   1921
  12818     94   1562
   9614  10849   2512
   9645  10961   2465
  10297   8112   1491
   9836   8470   1558
   6184  13527   2377
   9583  10833   2449
   6959   3213   2513
   2867  14215   2901
  11451  15372   2196
  11446  15427   2173
  12836  15693   2496
   7423  13588   2491
  13151  14274   3001
   4559  11717   2656
   9392  10964   2359
   9324  10955   2189
   6808   3202   2688
  11380   6105   2900
  11312   5859   2831
   7480   8342   3388
   7647   8527   2485
  11919  14671   3224
   2251  15924   5087
   9306   3652   3560
   9322   3699   3546
    719   2111   5321
   7199   8241   3580
   7374   8116   3513
  14868  15035   5275
   8438  10053   4328
  15573  15185   5454
   2770   5301   5110
   7823  10940   4831
   1723  14216   4631
  15722  15221   5343
    369  15536   5424
   8346  13757   4823
   2839   6445   5398
   1565    333   6204
    904  15794   5763
    470   8878   5656
   1201    941   6036
   1601    261   6263
   2702   8933   5744
   1502    497   6339
   5149  14357   5506
   3715   3377   6246
   1479    403   6099
   7619   7879   4918
   8542   4283   5388
   8823   9461   4918
   8489   8777   5177
   7069   6765   5472
  12891   3102   6818
  12972  14193   6992
  14244   8799   6333
  12773   8945   6181
  13606   6005   6352
   2541    372   6465
  12980  14123   6896
   7326  11779   5888
   7149   7005   5387
   1876    262   6808
  12965  14163   6857
   3888   8148   6596
  13802  14550   6662
  13784  14754   6725
  10372   8811   6221
   2964   3635   7618
   3630    277   6653
   7963  11949   6413
   3106   6005   7481
   9859   5347   6872
  14899    991   7376
   4010    223   6804
   7581  15990   7365
   7641  15975   7397
  12216  15356   7791
   7592  15932   7336
  12149  15257   7763
  12180  15211   7725
  12170  15225   7733
   7655  15940   7468
   1747   3038   8417
   3060   8249   8669
   3003   8869   8695
  12032  12267   7178
  15871    247   8495
  15898    274   8491
    959   4817   9291
   1218   3986   8840
   5146    451   8548
   9245  15817   9043
   9462  14229   8575
  15706  15518   9161
   3949  12304   9501
     43   1498   9375
    375  13094   9784
   9307  15923   9307
  12166    764   9992
  12293    808   9975
   9642   2474  11070
   4365   8436  10143
   2968  10369   9956
   5787  13724  10362
  12010    984  10303
   1501   6952  10340
  13167   1866  11469
  15205    551  10917
  10743   2357  11852
   5713    973  11549
   3255  12889  11502
   8865   5952  12731
   7131  14231  11890
  14445   3082  12072
  15558   6684  12221
  15898   7036  12656
  15978   7091  11787
  10814   4434  13709
  13015   1864  13162
  15154   7440  13584
   8496   6960  14560
  10859   6146  14348
  11235   3219  13059
   6532    257  13982
   6523    300  13992
  13729   1010  13686
  13535   3428  14183
   5710   7162  15241
  13286   5926  14298
  14274   5441  13461
   7686   4028  14654
  14180  10072  15559
  10006   6391     14
  11794   2525  15263
   5382  13129    134
   6844   5116    437
  15243  14208  14622
  15244  14183  14577
   9656    627    855
  13771    680     80
  11111   2803    190
   9634    629    755
   9152  15839   1144
  13421  10593    480
  15270   7572      5
   7445   6571    704
  13039    402   1337
   9633  14867   1285
  10175  12917   1219
   9634  14894   1341
   8964  15563   1098
   7552  13627   2372
   8448  14447   1551
   7579  13645   2295
   9485  11173   2406
   8362   8312   1729
   8458  13477   2340
   6633   9257   2083
   8679   4305   2050
   9652  10936   2561
   4299   8804   1981
   2789  14186   2935
  11247  10939   2971
  10009   7736   1751
  11374   1530   2375
   7436  13616   2375
   7766   8805   2181
   6970   2967   2706
  11529   1552   2371
    420  14124   3229
  10596  10949   2984
  10077   7740   1757
  12857  15735   2673
   9362  12190   2806
   9538  11215   2266
   9422  10589   2397
   7663   8489   2754
   2322   5102   4046
  12970  15548   2495
   5485  10670   3060
   7529   8044   3260
   7679   8559   2462
  11986   7110   3486
   9289   3729   3494
   7352  14334   4376
   6035  11844   3977
   4666   4815   4036
    819  15968   5238
  14854  15131   5207
    427  13852   4741
  15956  13313   4948
   8260   9957   4290
   2919   4685   4875
   6952  15318   4940
   8359  10002   4248
   8445   9733   3944
  13591   9888   5039
  12536   5733   4837
   1825    301   6266
   7015  15276   4854
  15701  15235   5358
   8369  13746   4811
   2483   5362   5512
  15653  15326   5336
  14122  11589   5400
   1002    932   6181
   1765    340   6347
  12550   5400   5664
   1551    281   6219
   8414   8770   5264
   1801    144   6210
  15920  13012   5019
   1758    267   6386
  14336   8754   6442
   1562    225   6174
   8337   8726   5192
   1643    281   6309
   4612   7447   5860
   1467    379   6128
   7726   7903   4928
   9286  14812   5811
   8331   8664   5196
   5187   3849   6182
  13309  14258   6777
   1765   4358   7335
  12829  14222   7082
   5052   7542   5540
   1053    905   5820
   9781  13460   6377
  12824   9107   6235
   2392    311   6421
  14204   8781   6344
   2548    412   6483
   7314  11802   5881
   2318    269   6414
   2725  12216   6630
  12841   3587   6706
   9761  13426   6400
   3117   3558   7643
  13701  14431   6753
   6940   4707   6909
  12856  14198   6977
   3797   8444   6917
   3964    174   7027
  10714  10412   6472
   4119    217   6891
  10710  10433   6475
   1814   1191   7334
  13986  14579   6890
   7817  11878   6379
   1629   3966   8601
   7546     47   7391
   7879  15745   7276
   2303   7600   8035
   8088    854   7397
  15528  15310   7490
  13273   9143   7030
   1855    938   7017
   3621    277   6785
  11137  13053   7615
  10223  12203   8052
   1764   3092   8429
     99   2134   8459
   1744   3041   8447
   1350   3775   8827
   1374   4147   8845
  11139   1536   9066
  15847    240   8504
   9668  12987   8185
   3035   8877   8793
   1039   4930   9202
   1128   4445   9009
   5097    448   8529
    555   8151   9475
   2368   4607   8436
   5220    450   8507
   1436  12395   9051
   3013  10709   9895
   5045   4940   9053
   2325   2121   8323
  13602  15796   8774
   3076  10693   9835
   2869   6998   9005
   1116   4082   8545
   2010  15677   9031
  10549  11522   9373
   4825   9074  10507
    850   4753   9211
   1017   4650   9399
   9704   2666  11089
  12714    681  10197
   8016  13047  10269
   8019  13052  10289
   3006  10327   9873
    188   6221  11067
   8070  12938  10487
  14194   1967  11345
  13955   3850  12107
   9830   2362  11143
   9847   2353  11140
   4072   8049  11392
  14673  13709  12317
   2529  11108  11673
   2545  11099  11703
     88   7075  12006
   9785   5396  13308
   6704   1397  11808
  11452   2416  12172
   9242   5691  13108
  14660  13579  12000
  14407   3006  12501
  15945   7097  11786
   6664  15756  12432
  11169   3027  12715
  14087   4540  12947
   6822   4630  14252
  11287   3245  13057
  15088  14006  13705
   2895   8899  13056
  10024   5497  13822
  15018  14286  13739
  15190  14045  13687
  15016   7418  13499
   8472   7168  15153
  15358    629  14241
   6580    310  14026
  15267  13880  13564
  14738   9873  14786
  15088   7356  13588
  14151   5244  13718
   5902   7154  15248
   5346  13465  15790
  15143  13997  13513
  14020    446  15859
   5815   2174  15738
   5882    627  15193
  13954   4163  14811
  10011   6380    176
   7072   6097    526
   7098   6030    475
  10421   6393    276
   9650    538    821
   8675  10599   1543
   1632   9768    193
   7664   6550    810
   9644    671    819
  13573  10539    344
  15087   7629  15968
  13017    374   1352
  12069  13494   1070
   8412   8270   1615
   6768   5128   1051
  14060    412    366
   9058  15623   1072
   8938  15536   1132
   7560  13627   2366
    823  13247   1680
   9564  10965   2365
  10272   8203   1546
  11961  15811   2034
   9629  11083   2488
   6876   3146   2761
   9668  11047   2441
   4510   8788   1908
  12984  15986   2709
   7769   8714   2160
  14379    113   2148
   6001  10189   2274
   6205   4977   2059
  14512    161   2312
   7928  13521   2421
   7683   8653   2271
  11518   1584   2371
   2207  14495   3305
  11085  11018   2970
   7721   8799   2742
  13925    331   2765
   9431  11097   2393
  10981  10234   3108
   6866   3096   2704
   7663   1988   3515
    671  14593   3761
   9508  11197   2330
   9275   3869   3553
   5072  13903   3472
   8447   9886   3395
  11166   4469   3033
   9417   2959   3107
   6513  13862   3888
   2473  10121   3760
   8835   3796   3483
   3856  14546   4485
  10470  11055   2850
   9339   3672   3566
   6018  11793   3926
   4114   8494   4333
   4530   1536   4986
   8546  13363   4222
   4921  11813   3837
  10379   4895   3408
  15644  15283   5276
   4014   8477   4438
   7016  15288   4771
   6174   9848   4228
   7472   6453   4831
   7213   1631   4573
  15683  15266   5548
     30  13349   4778
    761   4440   5317
   1714    288   6185
  15800  15289   5486
  14204  11505   5468
   2459   5371   5495
   7021  14753   4906
   4721  10079   5065
   5982    235   5540
   4839  10011   5102
   1153    996   6054
   8041  14423   5224
    794   1141   6113
  15701  15274   5241
    996    988   5889
   1700  13845   4929
   1517    151   6252
  14319   8839   6259
   7742  15040   5615
   4607   7454   5810
   7746  15038   5652
   7111   6774   5408
  13209  14166   6697
   3804   6793   6302
  13697  13287   6034
   1735   4387   7392
  13892  14646   7176
   7221   6716   5548
  14004  14658   6754
   1785   4348   7336
  14725  11091   5895
  14110   3848   6769
   9648  13433   6328
  13517   8899   6367
   2287    154   6233
  14344   8837   6217
   2471    153   6353
   9442   9744   5537
   2559    367   6444
  10031   9971   5792
  15125  15174   6146
  10189  10017   5859
   1780    171   6864
  13490   8946   6314
   7765  15663   7024
  13997   8869   6126
  12807  13912   6778
   3045   3727   7579
  13878  14512   6746
  12836   3154   6921
  13836  14606   6743
  14043   4165   6910
   7072  13251   6051
   7924    604   7150
   7764  11944   6443
   1824   1223   7316
  13188  14365   6910
   9925   5353   6880
   6097    107   7534
  12983  14230   6942
   4629   3773   7589
   1655    279   6755
  10521  10228   6426
   1839   1322   7438
  12160  13299   7099
   3797   3790   7742
   1565    259   6665
   1058  10692   8289
   6559   4004   8129
   7547  15915   7382
  11257  12981   7595
  14184   7255   8269
   6533   3975   8214
   1737   1725   7718
   1656     33   6740
   9339  12719   7975
   5498   5882   8482
   1424   4076   8814
  13557  15541   8063
   9500  11527   7947
    997   4752   9221
   4212     57   8112
  15889  10196   8906
   1174   4621   9155
  11620    764   9759
   9902   9268   8934
   1158   4444   9007
  13665  15799   8919
   9845   8439   9008
   1167   4572   9170
   2449   2120   8483
   2952  10708   9819
    870   4740   9264
   1188   4390   9055
   1527  12171   9061
  13056   7462   9895
  11962    985  10129
  10472  11810   9492
  15624   4924   9987
  12056    896   9870
   7848  12944  10047
   3020  10808   9836
   1731   6934  10122
  11136   1647  10703
   7793  12935  10021
   1679   6998  10188
   1072   4445   9143
  14208   2050  11497
  15168    457  11039
   3209  10893  10015
  13572    122  10906
  12507   1568  11007
   6839    926  11514
  14496  13546  11908
   1525   6978  10286
   4296   8689  11224
  14647  13673  12275
  14684  13704  12324
     29   7062  11965
   8869   5962  12784
  11351   2302  11875
  14614  13614  12241
     51   7175  11963
   6753   1422  11797
   5779    967  11627
   6598  15685  12337
  14136  14419  12731
  15574  15279  12446
  11299   2781  12444
  14044   4542  13026
   9691   5420  13303
  15023   7477  13476
  10924   6197  14520
  10088   5569  13787
   6473   2596  13401
  14726  15068  13567
  15216  13985  13653
  15130   7294  13431
  11239   3218  13029
  15113  14121  13693
  15168   7282  13641
  10851   6139  14408
  13645   1471  13859
  15436  13583  13416
  15210   7306  13606
   8470   7198  15135
  11477   3290  13991
   1873  13673  14436
   5641   7153  15422
  13481   3427  14205
  13390   3375  14298
  15043   7873  14336
  15018   7832  14389
  14055   5155  13916
   6026   6579  15847
  14078   4686  14539
  14027    415  15784
   9917  15499    139
  10499    308    207
   6815   5017    334
  12487   1429     80
  14052  10122  15940
   1611   9826    210
    760   3609  15819
  10228  12967   1236
   3515   8644   1040
   7603   6489    811
   9254     13   1075
   3648  10669    660
  10236   8033   1582
   9165  15425   1261
  13134  10790    706
  10244   8085   1618
   3848   3022    983
   9127  15668   1052
   8072   9965   1610
   7701   8397   2250
   7864   8630   2331
   8245   8303   1671
  10547   6469   1163
  11972  15789   2009
   9554  11201   2401
   8303   8362   1719
    893  13108   1605
   8918   8581   1756
   9575  10879   2347
   4489   8797   1899
  11966  15841   2118
   6737   9104   2104
  12009  15876   2156
  11285  10936   2931
   6830   3680   2107
  11957  15835   2002
   7914  13489   2403
   7690   8575   2306
  11476   1539   2369
   9242  12546   2507
   7436   8364   2695
  14022    279   2844
   9376  11053   2357
  10751  10904   2970
  11337   6083   2781
   6203  13574   3175
   6571  10094   2790
   7558   8430   2658
   9407   3846   3822
   8885  13040   2975
  11319   5785   2907
    925  15192   4625
   2488  10191   3847
   8656   3723   3376
  11889  14651   3206
   9124  10544   2400
   2305   5128   4165
  12055  14744   3173
  10000   9677   2965
   5324   2157   4152
   8516  12781   3627
   9252   3910   3729
   8533  13343   4134
   3671   9876   4027
   9253   3722   3587
  14853  15126   5210
  15998  13317   4979
   9010   3731   3571
  14860  15124   5232
    403   4902   5036
  14101  14819   4484
   7215   7951   3892
  14915  15061   5175
     57  13396   4851
  13869   8294   4896
   7724   2611   4683
   7030  15396   4885
  15998  13386   4833
   7060   7955   4512
   3977    935   5415
   1601  14024   4641
   3228   8256   5450
   1484    310   5979
   3127  10850   4891
   1583    241   6081
   4694  10081   4998
   8445   2394   5500
   6446  14585   5062
   3763   3381   6188
   8000  14264   5081
   1807     85   6176
  14378   8865   6225
   1766    310   6453
   8343   8721   5219
  14172  14502   6434
   7170   6652   5556
   7880  14763   5495
  12296   8446   6145
  13192  14179   6731
   3799   6792   6294
   5961  13402   5534
   1698   4350   7445
  11659  14344   6696
   1795   4299   7631
   3715  15047   5898
  13490   4208   6657
  10230  10035   6094
   1036    889   5798
  10223   9988   6093
  13301   4238   6593
   7266  11715   5840
  13319   4202   6515
   9212   9572   5246
  13276   4197   6520
  10288  10057   5957
   2456    172   6349
   9527   9735   5575
   1767    170   6914
  14157   8827   6135
   9734  13390   6370
  12878   3507   6741
  12741  13925   6802
  12863   3364   6839
  10212  13142   6693
   7601  15888   7463
   3584   6814   7036
  13653  14926   6735
  14038   4001   6928
  13214  14257   6786
   2919   3753   7732
   7787  11785   6253
   4015    151   7027
   3603   8215   7586
   1854   1041   6964
   7742  11632   6460
   1840   1256   7206
   1725    289   6536
   3508   7968   7979
   7771  15958   7509
  13367  14542   6760
   4493   3779   7593
  15781  15430   7429
   1390   4360   8401
  12237  15324   7778
    749   6104   8394
   3742    253   6858
  11982  12377   7284
   2085   4432   8610
  12869  15787   8286
   5183  13541   7317
  15300   5625   8517
  13574   2786   8206
   6130    180   7555
   3016   8978   8735
   1347   3778   8829
  12934    173   8571
   3319  10398   9074
   1170   4844   9216
   1842   1721   7631
   3099   8189   8548
    874   3571   8866
    435  10971   9040
   1422   4359   8812
   9554  15432   8781
   2305   5448   8985
   1099   4428   9061
   3271  12644   9188
    939   4835   9236
   2995  15253   8666
   2969   7151   9092
   1032   4415   9135
   5219    487   8523
   3113  10834   9929
    483   4149   9223
   1511  12154   9057
  15609   5870  10228
  11943    941  10367
   3165  10770   9735
   9792   3446  10014
    843  12827   9674
   3749   5149   9213
  11853    965  10332
   8860  15171   9920
   5408   9893  10278
    781   5223   9572
  14552  15298  10557
   2268   7787   9960
  11928   1045  10373
   8357  15077  10452
    886   9696  10519
   7316   6702  11028
  15809   6036  11050
  10581   2180  11753
   6502   1135  11489
  14140   1582  11469
   4879    644  10864
  15993   6098  11357
   6847   1300  11779
   5679    913  11546
   5701    928  11564
  13929     76  11640
  14646  13686  12247
  15933   6800  11969
   9674   4948  13039
   5575   1003  11439
     82   7082  11981
  14178   1625  11306
     46   7186  12108
   6713   1416  11815
   6574  15776  12383
   4132   7829  12530
   9708   5455  13283
   6747   1292  11721
   8898   1722  12486
  14334  15249  12804
  10965     85  13096
  15084  15532  12981
  15017  15443  13248
   8395   1802  13063
  13024   1826  13203
  15405  13787  13610
  14988   7258  13662
  15212   7515  13670
  11257   3244  13034
  15109  14334  13732
  15194   7396  13611
  15126   7315  13400
  10006   5490  13734
  13651   1475  13861
  15080  14161  13898
   1893  13632  14390
  15159   7352  13541
  12270   6109  14754
   1972  13669  14455
  15089   7378  13601
   7735   5482  15510
  13512   3497  14132
  10164   6390    142
  13972   5055  13955
  12974   2476  15084
  10753     96  15885
   2448  13842  14990
   6714  10900    422
   6175   6625  15773
  13956   4157  14811
  14081  10253  15556
  15002   7766  13850
  10422   6454    192
   4950   2106    260
   8665  10531   1540
   7440   6334    642
  11089    167    617
   1140  10538    375
  10661   6992    622
   7810   6696    940
  10186  12986   1233
   3912  10587    795
   8327   8442   1671
   8724    219   1007
  14939  10450    670
   8474   8328   1665
   4659   2460    948
  11436  13464   1246
  12747  11172   1139
   9211  10749   1863
   7810   8457   2431
   7896   6324    746
   9141  15778   1120
   9934  12593   2031
   8409   8848   1793
  11929  15847   2099
   6680   9321   2172
   9538   4812   2092
   9576  10985   2437
   7857   8769   1991
  10469  13599   1922
   7510   8833   2325
  12702  15540   2715
    556  14073   2966
  12989  10467   2129
   7607   8560   2916
  11325   1482   2389
  12835  15673   2527
   9378  10680   2456
   4534   9884   2538
  12191    562   2132
   2264  14444   3408
    254  13242   3421
   7370   8277   2860
   9422   2845   3079
   5578  13825   3523
   6455  10125   2756
   9931   3788   3261
   8873  12767   3584
   7376   8263   3016
   9194   3722   3679
  11729  14609   3165
   1793  10764   3803
  14283   6449   3964
    977      9   5185
  10375  10937   2865
  11351   5972   2815
   7334  14340   4373
  12259   7279   3534
   9428    303   3872
   8753  12907   3451
   7425   8110   3502
    760   2123   5367
   5919  14655   4725
   7373   8244   3571
   1195   2029   5736
   8534  13336   4118
   1532   3714   5312
  14801  15041   5218
   8379  10016   4263
   3246   4354   5157
   6235    671   5158
  15871  15378   5538
     65  13260   4770
   8339  10430   4663
   5193   7579   5580
   1861    296   6308
  15922  13403   4793
   5054   7470   5774
   7286  14733   4994
   3202   8306   5455
   8102   1523   5811
   6368  14577   5088
   7079   6961   5566
   1581    257   6222
   7238   7601   4986
   1529    377   6131
   7738   7896   4940
   7815  14897   5516
   8331   8644   5269
   3720   3411   6217
   6022  13431   5573
   6977   6844   5420
   5239  14244   5381
   6915   6884   5416
   9272  14801   5818
   9574   8120   5866
   9363  15551   6378
  13487   6225   6337
   2388    238   6457
   6899   6571   5516
   2308    225   6305
  10709  10304   6565
  14911   4116   6722
  14995  11220   6202
  12036   4732   6326
   7393  11814   5926
  15915   1278   6749
  10607  10278   6493
   2406    150   6348
  10262  10013   5932
   2256    561   6414
   3953   8083   6509
  13780  14413   6732
  13134   7774   6480
  13142  14243   6806
   6977   4741   6958
  12807  13922   6811
    898   4914   7745
   2220    510   6384
   2974   3654   7626
  13007  14159   6998
   1634   2581   7967
  13790  14642   6821
  14567   2439   7147
  14056  14598   6881
  10667  10319   6483
   4457   3907   7662
   1053  15906   6895
   9850   5331   6932
  13994  15658   7680
   8514   7959   6925
   7535      3   7379
  12151  10638   7099
   1621   3899   8704
  12954  14104   7074
   2951   8825   8775
   1807   2280   8059
   1990  15797   7274
  10310  12415   8087
     72   5909   8440
  15951   3582   8791
   1687     31   6760
   2915   9097   8768
    960   4625   9333
   5538    558   8190
  11990  13134   7501
   5544   5889   8452
   2465   2104   8328
   2799   8925   8779
   6274   3889   8624
   9433  14219   8699
   3103   8934   8648
   1454   1156   8007
  10489  12405   8225
   2295   5471   8959
  11574    711   9783
   9859   8433   9050
   7720   4447   8799
  12204    788   9853
   1500  12358   9155
   2602   5840   8969
   1799   3164   8230
   7278  11022   9104
   2621   6128   9007
   9445   1805  10254
  10523  11576   9415
   6188   2643   9483
   2938  10792   9854
    931   4552   9191
  11935   1022  10177
   1874  15667   9058
   7880  12984  10108
   4921   9090  10430
    885   4812   9068
  15160    446  11028
   5749  13496  10431
  11193  10146  10381
   9841   9172  10688
  14284   6279  11167
    917   4603   8968
    941   4509   8992
   1193   5166   9402
  11900   1681  11189
  15107    551  11080
   4267   8682  11252
  14457  13480  11830
    275   7171  11764
  15423   6317  11571
  13047   2185  11734
  15482  15824  11675
     69   7099  11916
  11406   2263  11913
   2628  11055  11824
  12910   2192  11808
   2594  11063  11786
   9821   4976  13051
   5844    942  11617
   3595   9788  12185
   9251   5687  13108
  14467   3421  12315
   6739   1319  11769
  15699  15052  12630
  14332  15267  12809
  15167  14247  13978
  15137  14159  13996
   6539  15943  12682
  15077  14109  14087
   5725   8971  13627
  15026   7373  13615
  10848   6171  14317
  11254   3212  13038
  15094  14311  13728
   1929  13766  14631
   9697  13451  14620
  15419  13693  13417
   5593   7405  14827
  15058   7694  14015
  15155   7416  13514
  10826   6084  14146
   6147    276  14734
  15172  14288  14042
   1803  13687  14388
  10648     37  15786
   9779  14803  15641
  15204  14168  14662
   5692  12881     71
  14887   7788  14096
  14011   4850  14204
   7524    668  15623
   4210  10674     42
  10618  11113    657
  15247  14311  14576
   4891  10410    565
   9907   6316  15923
  10416   6400    275
  11038    153    629
   8047  10074   1601
  10340   6466    285
  13157   9120    399
  12850   8910    475
   8144   4707   1133
   9483   1037    765
  10915  13123   1149
   9157  10838   2237
   8009   9883   1598
   8045   9959   1608
   8080   9903   1645
   4862  13000   1716
    812  13250   1675
   4480  13467   1945
   8473  12762   2170
    946  13086   1581
   9580  10885   2548
   8600   8514   1648
   7314   8225   2219
  14556     24   2375
   9849  12485   2256
   9850  13927   2166
   9204  12533   2583
   8083  13469   2252
  10214  15904   2072
  12564  15342   2997
  12883  15765   2523
    345    326   3796
  12181  15619   2211
   8812  13027   3022
    248  13225   3371
  12425  14410   3405
  12375   8967   3364
  11047   4564   3046
   8059   3346   3170
  11538   1472   2871
  12210  14798   3170
  12073  14709   3214
  11968  13718   3712
   8554  10015   3259
  15432   5108   4479
   5290   2237   4132
   6964  15112   4962
  12817  14697   3485
   1384  15026   4857
   8694  12868   3438
   5938  12216   4163
   7486   8056   3337
   7455   7034   4361
   7393   7788   3848
   7432   7769   3913
   7944  10898   4702
   1905  10960   4810
   8165  13932   4753
   1721  14288   4734
   8359  13813   4627
   7439  11590   5764
   4922   9961   5106
   7096   6483   5697
   4162   1703   5509
  14989  15080   5592
  14189  11491   5351
   7757   8299   5054
   6076   7353   5412
   8305   2575   5298
   3142    260   6556
   9230  14876   5886
   7785  13155   5884
   8476   8735   5116
  11035   5411   6304
   2403    228   6456
   9530  13544   6318
   8885   9118   5261
   7169   6943   5170
   1778    326   6771
   5127   9387   6075
   1734   1468   6960
  12662  13712   7110
   7877   7974   5571
   2835   3717   7805
   3672    258   6786
   3864   8216   6978
   2958   3723   7675
  12787  13928   6940
  10513  10219   6560
  14552   2497   7174
   1619    290   6650
   2003   7271   8019
   1846   1267   7255
   7675     21   7258
  13013  13914   6906
   7983  11863   6578
   6862   4907   7032
  14435    668   7877
   1627    200   6941
  13862  14676   6517
  12283  10685   7048
  14626   9804   7738
     77   5893   8471
  14864   8976   7788
   9089   6968   7615
   1389   3757   8677
    338   3005   8884
   5536    552   8186
   8584    236   8505
  10387  12296   8147
   2177   5408   8846
   1169   4516   9085
   1155   4707   9123
   2486    424   8422
   3029  15244   8638
   1512  10303   9276
   2994   7198   9116
   2633   5724   8978
    813   4286   9094
   1285   4940   9471
   1769   3133   8249
  15621   3223   9422
   1958   2761   8337
  10513  11861   9513
    719   5624  10041
    452   6111  10624
   3203  10793   9804
  13625  13645  10173
  13646  13603  10204
  13565  15821  10455
  12971    893  10367
   9782   2299  11206
   9826   9174  10711
   3273  10928  10070
  13361    256  10668
  11856   1617  11014
  10733   2307  11853
    279   7206  11773
  14515  13692  12277
  10363   1353  11536
  13876    169  11567
   6665  15574  12208
   7216  13840  11972
  15971   6817  11966
   9613   5386  13330
  14249   4419  12462
   9281   5737  13091
   4232   7859  12447
   3477  10042  12396
  14148  14378  12611
  14704  14869  13371
   8781   6434  13526
   7748  13053  13378
  15141  14018  14065
  10872   6163  14421
   4111   8217  13491
  15086   7680  14598
  13731   2111  13952
  10884   6062  14507
  15160  13990  13901
  14224   3334  13805
  12314   6069  14716
  15332  14394  14399
   7775   5468  15465
  14725   7736  14144
   5326  13672  15630
   5988    316  14968
   5897    613  15181
   4193  15108  15509
  11170    174  15941
  10150   5212     42
  10759   6278     40
   8445   7742   1325
   7967  10045   1655
   9208   1646    929
   3507  10895    889
   3892   1244    766
  10147   8060   1635
   9048  13062   1586
   5321   9066   1910
  12126   3110   1343
   8477  12617   2169
   4464   2558   1744
   6847   9029   2115
   2178  14681   2500
   9875   8228   1528
  11412  15508   2092
   7016   8111   2289
  14299    571   3085
   9392  12118   2884
   3117   9178   3223
   6844  13595   2503
    720  14732   3893
   2983   4551   4103
  11249   4416   3039
   2961   9426   3226
  12754  15308   2589
   3637   8425   4061
   8186  13724   4176
   7141  15867   4562
   5806   9125   3545
  12066  11428   4154
   4109   1032   5537
   4475   8337   4516
   2309   4618   4950
  10701  10236   4113
   7085   7901   4538
    950   1026   6090
   6544   8639   4811
   8146  14204   5120
   7100   6479   5696
   6607   8944   4819
   9152  14652   5654
   5153   7448   5567
   3684    436   5999
   1639  10452   5962
   7120  11754   5869
  10013  13253   6566
  14056  14690   6733
  14170   2311   6962
   1763   1330   6998
  15875   1269   6776
   7887   7989   5570
   2125    482   6433
  14604   2475   7190
  12891   3596   6577
  11648   7475   6515
  10662  10310   6480
  13918  14956   7229
   1661   2081   7710
   6856   4913   7010
  11149  10288   6765
   7615  15789   7273
  15660   1516   7744
  14503  10135   7824
  14939    556   7931
  15943   3551   8763
   9880  11658   7983
  14234  15298   7936
   1821   1575   7651
  15701   9985   8656
   2936  15278   8616
   5306    446   8508
   1074   4444   9008
   6253   3566   8902
   3021  10330   9661
   1271   4229   8690
   2765   6324   8983
   5844   6157   9717
   5457   1548  10034
  12940   1329  10818
  12975    905  10366
  13033   6972  11230
   9585   2636  11034
  10958  11589  11155
  13755   6388  11608
  11322   1611  11412
  15096  10742  12267
    107  10810  12184
  12435   3058  12482
   7431  15585  11856
  14706  13581  11976
   9169  14026  12918
  15611   7344  13041
   4431   7664  13034
   6459   2595  13408
   6828   4664  14167
   5304  13989  14435
    252  15712  14042
  14586  14635  14101
  10630   6234  15009
   7342   3724  15420
  14750   7808  14343
  10105   6306     85
   9712  14426     65
   6674   7297    445
  13980   3429  15177
   5618  13182    464
  14191  14870  15703
  10305  13065   1236
   9765  11866   1745
  10523   6402    246
   8037  10050   1530
    876  13216   1515
   8721  15100   1257
   9273    852   1778
   8858   4570   1971
   9427  11076   2183
   9488   2623   2890
  10947  10307   3130
  11687   5588   2994
  10136   3973   3201
   6002   2487   3734
   5066   1998   4523
  12084  14702   3079
     47  13482   4462
   5287  10092   3356
  12384  12739   4453
   3102    651   5754
   9350   1044   4685
   8267  10284   4559
   6416  13840   4734
   1187   2468   5728
   4792    657   5588
   8005   1000   5874
  14301   8906   6136
  12585   5045   6309
  12049   4854   6386
   1814    204   6863
   6166   9857   5784
  12863  14164   7011
   9162  15421   6748
  12342  12364   6828
   1643    297   6635
   3438   1284   7533
   1781  10352   7864
   3716    305   6587
   8160    371   7622
   9147   6291   7751
     27    150   8482
  10515   1893   9160
  10260   2659   9391
   6053   3894   8798
    883   4505   9189
  11396    805   9622
   1003   4496   9041
   2323  10305   9734
   2256   7728   9819
  15628   5725  11159
   7994  12907  10494
   5665    761  11644
  11056  11562  11215
  12955   2980  12328
   9295   1803  11996
   9180   1595  12228
  13913  14332  12794
   9752  13601  13127
  10831   6203  14383
  10282   5659  14013
   6892   4949  14482
  13570   1687  14642
  13497   2727  14468
  14364   9759  15467
   5523  12993     71
   6693   7129    285
   1610   9853    263
   3544  14609    105
   2263   6398    912
   9069  15371   1222
  12304   8451   1253
   6744   3101   2824
   6185   9816   2273
   4403  11208   2597
  10957  10308   3119
  11337   5997   2925
    914     56   5030
   6708   8971   3225
   7042  14410   4399
   3836  14572   4546
   6293    611   5193
   4157   1044   5314
   5429    380   5836
   9665   9845   5474
   1580    357   6254
   6248  12801   5614
   7322  11714   5795
  10593  10193   6630
  14106   8896   6076
   1377  11438   7512
  15011   1083   7231
  14851    963   7449
     47  15749   7620
   9740   4724   8128
   6812   3123   8364
   8799    235   8734
   8293   4348   8973
   2707  14770   8940
   6145   2602   9512
   5780  13691  10433
  13369    255  10703
  14550  14227  12336
   9351  12312  11929
  10798   2440  11582
  14229   2531  12716
  15077  13225  13083
  15141   7503  13686
   7419   1129  14801
  12100  14313  15067
   6069     48  15339
  10554   6536    247
   4618  12638    757
  14052  10063    183
   9432   8535   1685
   7471   8508   2224
   2043   6026   2943
   8753   5343   2924
   1816  10733   3839
   5234  10077   3259
   4834   1382   4969
   7101  14679   4960
   8322  10622   4525
   9693   9826   5547
   7461   7412   4950
   8383   4775   5972
   9986  15424   6784
   7511    117   7654
  11314  12923   7596
   8319    394   7971
   9346  14562   8553
   1512  12357   9218
  10252   2882   9704
   2941  10016   9848
  15943  12891  10596
  11243   1582  11388
  15201  15748  12041
  11599   2886  12771
  11004   5884  14334
   6142    383  14668
   6714   6192    363
  15396  14328  15301
   8979  15400   1117
  13451   1526    579
   9837  15424   1438
   5643  10954   2313
   8936  13087   3066
  10439  11103   2876
   7368   8076   3932
   8457   5409   4252
    738  15266   5092
   7572   5017   5396
  14666  13455   6071
   3213  15639   6116
  12396  12570   6930
   7645  11688   6523
  13303   8668   7515
   1005   5085   9424
   6156   3673   8885
    903   4511   9109
  11824   1281  10480
  13968    210  11634
   1063  11870  12357
  15200  12726  13503
   9930   5860  14162
  13019   2601  15036
  10457   6294    379
   2411   6390    836
   7062   3118   2321
   1957  14416   2840
   5159  13940   3422
  13341  14627   3732
   1717   9940   4421
   6416  13676   4698
  14161  11534   5365
  12479   7355   6046
  13007   3244   7012
  12751  14223   7235
    390   6234   8359
   6223   3867   8645
   2484   2020   8491
   3269   9336   9812
   2998  10513  10768
  12826   8363  12280
   1943  11795  12683
     41  14691  14327
   9354  12324    220
  14097  11772    308
   9712  10850   2457
   3729   5704   2482
  10691  10923   2946
  11565   1608   3080
  14497  15219   4845
  14158  14154   5978
   4325  14555   5698
   6489  13589   6440
   6817  10510   7215
  15621  14608   8233
   6213   3804   8744
  11910    985  10504
   5691  10811  11233
   9910   5456  13179
   9492  13767  14384
  10457   6306     28
  13161  10652    669
   4776  12779   2313
   7580   3366   2961
   8304   4631   3497
  14797   7107   4270
  12001   9131   5041
   9126   4196   5618
  12996  14392   6727
   3451   8916   7860
   8733  12404   8184
   2917    590   8741
   2788  10870   9614
   9714   3856  11487
   6638  15739  12447
   8627  15417  13845
  15087   1005  14606
  13756    702     39
  11423  14452   1932
   8608   4337   2400
   3441   4363   4257
  14155   9942   5035
   7925  14879   5628
  12944  13861   6979
   8957   4676   8521
   1291  10211   9367
    539   5011   9559
   4009   7872  12103
  13889   2076  13598
  14911    922  14924
   7948   4742   1047
  11293  15172   2319
  12854  15616   2376
   8624   5780   4157
   3943  13196   5581
   6973   5595   6474
  10362  11419   7775
  13836  14436   9444
  13780     80  11710
   6616   7662  12806
  13577   2723  14202
   9973  15800    408
   3893  12198   2337
   1526  14523   4582
  15511   9108   5737
   8631   6654   6924
   3134  13644   8912
   7983  14587  11725
   9867  12371  15176
   6558   9123   2020
   7518   7495   4273
  13054   6876   6244
   7928   7052   9784
  13506   3307  13627
    527  13697   2312
   3753  13018   6554
  14576  14752  11102
   8305   3304   2781
   4089  15717   9719
  10388   4821   6135
  10595  14892  14699
